/*--------------------------------*- C++ -*----------------------------------*\
  =========                 |
  \\      /  F ield         | OpenFOAM: The Open Source CFD Toolbox
   \\    /   O peration     | Website:  https://openfoam.org
    \\  /    A nd           | Version:  6
     \\/     M anipulation  |
\*---------------------------------------------------------------------------*/
FoamFile
{
    version     2.0;
    format      ascii;
    class       volSymmTensorField;
    location    "0";
    object      S;
}
// * * * * * * * * * * * * * * * * * * * * * * * * * * * * * * * * * * * * * //

dimensions      [0 0 -1 0 0 0 0];

internalField   nonuniform List<symmTensor> 
3773
(
(0 0 0 -193.016 0 0)
(0 0 0 0 0 0)
(0 0 0 0 0 0)
(0 0 0 0 0 0)
(0 0 0 0 0 0)
(0 0 0 0 0 0)
(0 0 0 0 0 0)
(0 0 0 0 0 0)
(0 0 0 0 0 0)
(0 0 0 0 0 0)
(0 0 0 0 0 0)
(0 0 0 0 0 0)
(0 0 0 0 0 0)
(0 0 0 0 0 0)
(0 0 0 0 0 0)
(0 0 0 0 0 0)
(0 0 0 0 0 0)
(0 0 0 0 0 0)
(0 0 0 0 0 0)
(0 0 0 0 0 0)
(0 0 0 0 0 0)
(0 0 0 0 0 0)
(0 0 0 0 0 0)
(0 0 0 0 0 0)
(0 0 0 0 0 0)
(0 0 0 0 0 0)
(0 0 0 0 0 0)
(0 0 0 0 0 0)
(0 0 0 0 0 0)
(0 0 0 0 0 0)
(0 0 0 0 0 0)
(0 0 0 0 0 0)
(0 0 0 0 0 0)
(0 0 0 -193.709 0 0)
(0 0 0 0 0 0)
(0 0 0 0 0 0)
(0 0 0 0 0 0)
(0 0 0 0 0 0)
(0 0 0 0 0 0)
(0 0 0 0 0 0)
(0 0 0 0 0 0)
(0 0 0 0 0 0)
(0 0 0 0 0 0)
(0 0 0 0 0 0)
(0 0 0 0 0 0)
(0 0 0 0 0 0)
(0 0 0 0 0 0)
(0 0 0 0 0 0)
(0 0 0 0 0 0)
(0 0 0 0 0 0)
(0 0 0 0 0 0)
(0 0 0 0 0 0)
(0 0 0 0 0 0)
(0 0 0 0 0 0)
(0 0 0 0 0 0)
(0 0 0 0 0 0)
(0 0 0 0 0 0)
(0 0 0 0 0 0)
(0 0 0 0 0 0)
(0 0 0 0 0 0)
(0 0 0 0 0 0)
(0 0 0 0 0 0)
(0 0 0 0 0 0)
(0 0 0 0 0 0)
(0 0 0 0 0 0)
(0 0 0 0 0 0)
(0 0 0 -194.409 0 0)
(0 0 0 0 0 0)
(0 0 0 0 0 0)
(0 0 0 0 0 0)
(0 0 0 0 0 0)
(0 0 0 0 0 0)
(0 0 0 0 0 0)
(0 0 0 0 0 0)
(0 0 0 0 0 0)
(0 0 0 0 0 0)
(0 0 0 0 0 0)
(0 0 0 0 0 0)
(0 0 0 0 0 0)
(0 0 0 0 0 0)
(0 0 0 0 0 0)
(0 0 0 0 0 0)
(0 0 0 0 0 0)
(0 0 0 0 0 0)
(0 0 0 0 0 0)
(0 0 0 0 0 0)
(0 0 0 0 0 0)
(0 0 0 0 0 0)
(0 0 0 0 0 0)
(0 0 0 0 0 0)
(0 0 0 0 0 0)
(0 0 0 0 0 0)
(0 0 0 0 0 0)
(0 0 0 0 0 0)
(0 0 0 0 0 0)
(0 0 0 0 0 0)
(0 0 0 0 0 0)
(0 0 0 0 0 0)
(0 0 0 0 0 0)
(0 0 0 -195.115 0 0)
(0 0 0 0 0 0)
(0 0 0 0 0 0)
(0 0 0 0 0 0)
(0 0 0 0 0 0)
(0 0 0 0 0 0)
(0 0 0 0 0 0)
(0 0 0 0 0 0)
(0 0 0 0 0 0)
(0 0 0 0 0 0)
(0 0 0 0 0 0)
(0 0 0 0 0 0)
(0 0 0 0 0 0)
(0 0 0 0 0 0)
(0 0 0 0 0 0)
(0 0 0 0 0 0)
(0 0 0 0 0 0)
(0 0 0 0 0 0)
(0 0 0 0 0 0)
(0 0 0 0 0 0)
(0 0 0 0 0 0)
(0 0 0 0 0 0)
(0 0 0 0 0 0)
(0 0 0 0 0 0)
(0 0 0 0 0 0)
(0 0 0 0 0 0)
(0 0 0 0 0 0)
(0 0 0 0 0 0)
(0 0 0 0 0 0)
(0 0 0 0 0 0)
(0 0 0 0 0 0)
(0 0 0 0 0 0)
(0 0 0 0 0 0)
(0 0 0 -195.828 0 0)
(0 0 0 0 0 0)
(0 0 0 0 0 0)
(0 0 0 0 0 0)
(0 0 0 0 0 0)
(0 0 0 0 0 0)
(0 0 0 0 0 0)
(0 0 0 0 0 0)
(0 0 0 0 0 0)
(0 0 0 0 0 0)
(0 0 0 0 0 0)
(0 0 0 0 0 0)
(0 0 0 0 0 0)
(0 0 0 0 0 0)
(0 0 0 0 0 0)
(0 0 0 0 0 0)
(0 0 0 0 0 0)
(0 0 0 0 0 0)
(0 0 0 0 0 0)
(0 0 0 0 0 0)
(0 0 0 0 0 0)
(0 0 0 0 0 0)
(0 0 0 0 0 0)
(0 0 0 0 0 0)
(0 0 0 0 0 0)
(0 0 0 0 0 0)
(0 0 0 0 0 0)
(0 0 0 0 0 0)
(0 0 0 0 0 0)
(0 0 0 0 0 0)
(0 0 0 0 0 0)
(0 0 0 0 0 0)
(0 0 0 0 0 0)
(0 0 0 -196.547 0 0)
(0 0 0 0 0 0)
(0 0 0 0 0 0)
(0 0 0 0 0 0)
(0 0 0 0 0 0)
(0 0 0 0 0 0)
(0 0 0 0 0 0)
(0 0 0 0 0 0)
(0 0 0 0 0 0)
(0 0 0 0 0 0)
(0 0 0 0 0 0)
(0 0 0 0 0 0)
(0 0 0 0 0 0)
(0 0 0 0 0 0)
(0 0 0 0 0 0)
(0 0 0 0 0 0)
(0 0 0 0 0 0)
(0 0 0 0 0 0)
(0 0 0 0 0 0)
(0 0 0 0 0 0)
(0 0 0 0 0 0)
(0 0 0 0 0 0)
(0 0 0 0 0 0)
(0 0 0 0 0 0)
(0 0 0 0 0 0)
(0 0 0 0 0 0)
(0 0 0 0 0 0)
(0 0 0 0 0 0)
(0 0 0 0 0 0)
(0 0 0 0 0 0)
(0 0 0 0 0 0)
(0 0 0 0 0 0)
(0 0 0 0 0 0)
(0 0 0 -197.273 0 0)
(0 0 0 0 0 0)
(0 0 0 0 0 0)
(0 0 0 0 0 0)
(0 0 0 0 0 0)
(0 0 0 0 0 0)
(0 0 0 0 0 0)
(0 0 0 0 0 0)
(0 0 0 0 0 0)
(0 0 0 0 0 0)
(0 0 0 0 0 0)
(0 0 0 0 0 0)
(0 0 0 0 0 0)
(0 0 0 0 0 0)
(0 0 0 0 0 0)
(0 0 0 0 0 0)
(0 0 0 0 0 0)
(0 0 0 0 0 0)
(0 0 0 0 0 0)
(0 0 0 0 0 0)
(0 0 0 0 0 0)
(0 0 0 0 0 0)
(0 0 0 0 0 0)
(0 0 0 0 0 0)
(0 0 0 0 0 0)
(0 0 0 0 0 0)
(0 0 0 0 0 0)
(0 0 0 0 0 0)
(0 0 0 0 0 0)
(0 0 0 0 0 0)
(0 0 0 0 0 0)
(0 0 0 0 0 0)
(0 0 0 0 0 0)
(0 0 0 -198.006 0 0)
(0 0 0 0 0 0)
(0 0 0 0 0 0)
(0 0 0 0 0 0)
(0 0 0 0 0 0)
(0 0 0 0 0 0)
(0 0 0 0 0 0)
(0 0 0 0 0 0)
(0 0 0 0 0 0)
(0 0 0 0 0 0)
(0 0 0 0 0 0)
(0 0 0 0 0 0)
(0 0 0 0 0 0)
(0 0 0 0 0 0)
(0 0 0 0 0 0)
(0 0 0 0 0 0)
(0 0 0 0 0 0)
(0 0 0 0 0 0)
(0 0 0 0 0 0)
(0 0 0 0 0 0)
(0 0 0 0 0 0)
(0 0 0 0 0 0)
(0 0 0 0 0 0)
(0 0 0 0 0 0)
(0 0 0 0 0 0)
(0 0 0 0 0 0)
(0 0 0 0 0 0)
(0 0 0 0 0 0)
(0 0 0 0 0 0)
(0 0 0 0 0 0)
(0 0 0 0 0 0)
(0 0 0 0 0 0)
(0 0 0 0 0 0)
(0 0 0 -198.745 0 0)
(0 0 0 0 0 0)
(0 0 0 0 0 0)
(0 0 0 0 0 0)
(0 0 0 0 0 0)
(0 0 0 0 0 0)
(0 0 0 0 0 0)
(0 0 0 0 0 0)
(0 0 0 0 0 0)
(0 0 0 0 0 0)
(0 0 0 0 0 0)
(0 0 0 0 0 0)
(0 0 0 0 0 0)
(0 0 0 0 0 0)
(0 0 0 0 0 0)
(0 0 0 0 0 0)
(0 0 0 0 0 0)
(0 0 0 0 0 0)
(0 0 0 0 0 0)
(0 0 0 0 0 0)
(0 0 0 0 0 0)
(0 0 0 0 0 0)
(0 0 0 0 0 0)
(0 0 0 0 0 0)
(0 0 0 0 0 0)
(0 0 0 0 0 0)
(0 0 0 0 0 0)
(0 0 0 0 0 0)
(0 0 0 0 0 0)
(0 0 0 0 0 0)
(0 0 0 0 0 0)
(0 0 0 0 0 0)
(0 0 0 0 0 0)
(0 0 0 -199.492 0 0)
(0 0 0 0 0 0)
(0 0 0 0 0 0)
(0 0 0 0 0 0)
(0 0 0 0 0 0)
(0 0 0 0 0 0)
(0 0 0 0 0 0)
(0 0 0 0 0 0)
(0 0 0 0 0 0)
(0 0 0 0 0 0)
(0 0 0 0 0 0)
(0 0 0 0 0 0)
(0 0 0 0 0 0)
(0 0 0 0 0 0)
(0 0 0 0 0 0)
(0 0 0 0 0 0)
(0 0 0 0 0 0)
(0 0 0 0 0 0)
(0 0 0 0 0 0)
(0 0 0 0 0 0)
(0 0 0 0 0 0)
(0 0 0 0 0 0)
(0 0 0 0 0 0)
(0 0 0 0 0 0)
(0 0 0 0 0 0)
(0 0 0 0 0 0)
(0 0 0 0 0 0)
(0 0 0 0 0 0)
(0 0 0 0 0 0)
(0 0 0 0 0 0)
(0 0 0 0 0 0)
(0 0 0 0 0 0)
(0 0 0 0 0 0)
(0 0 0 -200.246 0 0)
(0 0 0 0 0 0)
(0 0 0 0 0 0)
(0 0 0 0 0 0)
(0 0 0 0 0 0)
(0 0 0 0 0 0)
(0 0 0 0 0 0)
(0 0 0 0 0 0)
(0 0 0 0 0 0)
(0 0 0 0 0 0)
(0 0 0 0 0 0)
(0 0 0 0 0 0)
(0 0 0 0 0 0)
(0 0 0 0 0 0)
(0 0 0 0 0 0)
(0 0 0 0 0 0)
(0 0 0 0 0 0)
(0 0 0 0 0 0)
(0 0 0 0 0 0)
(0 0 0 0 0 0)
(0 0 0 0 0 0)
(0 0 0 0 0 0)
(0 0 0 0 0 0)
(0 0 0 0 0 0)
(0 0 0 0 0 0)
(0 0 0 0 0 0)
(0 0 0 0 0 0)
(0 0 0 0 0 0)
(0 0 0 0 0 0)
(0 0 0 0 0 0)
(0 0 0 0 0 0)
(0 0 0 0 0 0)
(0 0 0 0 0 0)
(0 0 0 -201.008 0 0)
(0 0 0 0 0 0)
(0 0 0 0 0 0)
(0 0 0 0 0 0)
(0 0 0 0 0 0)
(0 0 0 0 0 0)
(0 0 0 0 0 0)
(0 0 0 0 0 0)
(0 0 0 0 0 0)
(0 0 0 0 0 0)
(0 0 0 0 0 0)
(0 0 0 0 0 0)
(0 0 0 0 0 0)
(0 0 0 0 0 0)
(0 0 0 0 0 0)
(0 0 0 0 0 0)
(0 0 0 0 0 0)
(0 0 0 0 0 0)
(0 0 0 0 0 0)
(0 0 0 0 0 0)
(0 0 0 0 0 0)
(0 0 0 0 0 0)
(0 0 0 0 0 0)
(0 0 0 0 0 0)
(0 0 0 0 0 0)
(0 0 0 0 0 0)
(0 0 0 0 0 0)
(0 0 0 0 0 0)
(0 0 0 0 0 0)
(0 0 0 0 0 0)
(0 0 0 0 0 0)
(0 0 0 0 0 0)
(0 0 0 0 0 0)
(0 0 0 -201.777 0 0)
(0 0 0 0 0 0)
(0 0 0 0 0 0)
(0 0 0 0 0 0)
(0 0 0 0 0 0)
(0 0 0 0 0 0)
(0 0 0 0 0 0)
(0 0 0 0 0 0)
(0 0 0 0 0 0)
(0 0 0 0 0 0)
(0 0 0 0 0 0)
(0 0 0 0 0 0)
(0 0 0 0 0 0)
(0 0 0 0 0 0)
(0 0 0 0 0 0)
(0 0 0 0 0 0)
(0 0 0 0 0 0)
(0 0 0 0 0 0)
(0 0 0 0 0 0)
(0 0 0 0 0 0)
(0 0 0 0 0 0)
(0 0 0 0 0 0)
(0 0 0 0 0 0)
(0 0 0 0 0 0)
(0 0 0 0 0 0)
(0 0 0 0 0 0)
(0 0 0 0 0 0)
(0 0 0 0 0 0)
(0 0 0 0 0 0)
(0 0 0 0 0 0)
(0 0 0 0 0 0)
(0 0 0 0 0 0)
(0 0 0 0 0 0)
(0 0 0 -202.554 0 0)
(0 0 0 0 0 0)
(0 0 0 0 0 0)
(0 0 0 0 0 0)
(0 0 0 0 0 0)
(0 0 0 0 0 0)
(0 0 0 0 0 0)
(0 0 0 0 0 0)
(0 0 0 0 0 0)
(0 0 0 0 0 0)
(0 0 0 0 0 0)
(0 0 0 0 0 0)
(0 0 0 0 0 0)
(0 0 0 0 0 0)
(0 0 0 0 0 0)
(0 0 0 0 0 0)
(0 0 0 0 0 0)
(0 0 0 0 0 0)
(0 0 0 0 0 0)
(0 0 0 0 0 0)
(0 0 0 0 0 0)
(0 0 0 0 0 0)
(0 0 0 0 0 0)
(0 0 0 0 0 0)
(0 0 0 0 0 0)
(0 0 0 0 0 0)
(0 0 0 0 0 0)
(0 0 0 0 0 0)
(0 0 0 0 0 0)
(0 0 0 0 0 0)
(0 0 0 0 0 0)
(0 0 0 0 0 0)
(0 0 0 0 0 0)
(0 0 0 -203.338 0 0)
(0 0 0 0 0 0)
(0 0 0 0 0 0)
(0 0 0 0 0 0)
(0 0 0 0 0 0)
(0 0 0 0 0 0)
(0 0 0 0 0 0)
(0 0 0 0 0 0)
(0 0 0 0 0 0)
(0 0 0 0 0 0)
(0 0 0 0 0 0)
(0 0 0 0 0 0)
(0 0 0 0 0 0)
(0 0 0 0 0 0)
(0 0 0 0 0 0)
(0 0 0 0 0 0)
(0 0 0 0 0 0)
(0 0 0 0 0 0)
(0 0 0 0 0 0)
(0 0 0 0 0 0)
(0 0 0 0 0 0)
(0 0 0 0 0 0)
(0 0 0 0 0 0)
(0 0 0 0 0 0)
(0 0 0 0 0 0)
(0 0 0 0 0 0)
(0 0 0 0 0 0)
(0 0 0 0 0 0)
(0 0 0 0 0 0)
(0 0 0 0 0 0)
(0 0 0 0 0 0)
(0 0 0 0 0 0)
(0 0 0 0 0 0)
(0 0 0 -204.131 0 0)
(0 0 0 0 0 0)
(0 0 0 0 0 0)
(0 0 0 0 0 0)
(0 0 0 0 0 0)
(0 0 0 0 0 0)
(0 0 0 0 0 0)
(0 0 0 0 0 0)
(0 0 0 0 0 0)
(0 0 0 0 0 0)
(0 0 0 0 0 0)
(0 0 0 0 0 0)
(0 0 0 0 0 0)
(0 0 0 0 0 0)
(0 0 0 0 0 0)
(0 0 0 0 0 0)
(0 0 0 0 0 0)
(0 0 0 0 0 0)
(0 0 0 0 0 0)
(0 0 0 0 0 0)
(0 0 0 0 0 0)
(0 0 0 0 0 0)
(0 0 0 0 0 0)
(0 0 0 0 0 0)
(0 0 0 0 0 0)
(0 0 0 0 0 0)
(0 0 0 0 0 0)
(0 0 0 0 0 0)
(0 0 0 0 0 0)
(0 0 0 0 0 0)
(0 0 0 0 0 0)
(0 0 0 0 0 0)
(0 0 0 0 0 0)
(0 0 0 -204.931 0 0)
(0 0 0 0 0 0)
(0 0 0 0 0 0)
(0 0 0 0 0 0)
(0 0 0 0 0 0)
(0 0 0 0 0 0)
(0 0 0 0 0 0)
(0 0 0 0 0 0)
(0 0 0 0 0 0)
(0 0 0 0 0 0)
(0 0 0 0 0 0)
(0 0 0 0 0 0)
(0 0 0 0 0 0)
(0 0 0 0 0 0)
(0 0 0 0 0 0)
(0 0 0 0 0 0)
(0 0 0 0 0 0)
(0 0 0 0 0 0)
(0 0 0 0 0 0)
(0 0 0 0 0 0)
(0 0 0 0 0 0)
(0 0 0 0 0 0)
(0 0 0 0 0 0)
(0 0 0 0 0 0)
(0 0 0 0 0 0)
(0 0 0 0 0 0)
(0 0 0 0 0 0)
(0 0 0 0 0 0)
(0 0 0 0 0 0)
(0 0 0 0 0 0)
(0 0 0 0 0 0)
(0 0 0 0 0 0)
(0 0 0 0 0 0)
(0 0 0 -205.74 0 0)
(0 0 0 0 0 0)
(0 0 0 0 0 0)
(0 0 0 0 0 0)
(0 0 0 0 0 0)
(0 0 0 0 0 0)
(0 0 0 0 0 0)
(0 0 0 0 0 0)
(0 0 0 0 0 0)
(0 0 0 0 0 0)
(0 0 0 0 0 0)
(0 0 0 0 0 0)
(0 0 0 0 0 0)
(0 0 0 0 0 0)
(0 0 0 0 0 0)
(0 0 0 0 0 0)
(0 0 0 0 0 0)
(0 0 0 0 0 0)
(0 0 0 0 0 0)
(0 0 0 0 0 0)
(0 0 0 0 0 0)
(0 0 0 0 0 0)
(0 0 0 0 0 0)
(0 0 0 0 0 0)
(0 0 0 0 0 0)
(0 0 0 0 0 0)
(0 0 0 0 0 0)
(0 0 0 0 0 0)
(0 0 0 0 0 0)
(0 0 0 0 0 0)
(0 0 0 0 0 0)
(0 0 0 0 0 0)
(0 0 0 0 0 0)
(0 0 0 -206.557 0 0)
(0 0 0 0 0 0)
(0 0 0 0 0 0)
(0 0 0 0 0 0)
(0 0 0 0 0 0)
(0 0 0 0 0 0)
(0 0 0 0 0 0)
(0 0 0 0 0 0)
(0 0 0 0 0 0)
(0 0 0 0 0 0)
(0 0 0 0 0 0)
(0 0 0 0 0 0)
(0 0 0 0 0 0)
(0 0 0 0 0 0)
(0 0 0 0 0 0)
(0 0 0 0 0 0)
(0 0 0 0 0 0)
(0 0 0 0 0 0)
(0 0 0 0 0 0)
(0 0 0 0 0 0)
(0 0 0 0 0 0)
(0 0 0 0 0 0)
(0 0 0 0 0 0)
(0 0 0 0 0 0)
(0 0 0 0 0 0)
(0 0 0 0 0 0)
(0 0 0 0 0 0)
(0 0 0 0 0 0)
(0 0 0 0 0 0)
(0 0 0 0 0 0)
(0 0 0 0 0 0)
(0 0 0 0 0 0)
(0 0 0 0 0 0)
(0 0 0 -207.383 0 0)
(0 0 0 0 0 0)
(0 0 0 0 0 0)
(0 0 0 0 0 0)
(0 0 0 0 0 0)
(0 0 0 0 0 0)
(0 0 0 0 0 0)
(0 0 0 0 0 0)
(0 0 0 0 0 0)
(0 0 0 0 0 0)
(0 0 0 0 0 0)
(0 0 0 0 0 0)
(0 0 0 0 0 0)
(0 0 0 0 0 0)
(0 0 0 0 0 0)
(0 0 0 0 0 0)
(0 0 0 0 0 0)
(0 0 0 0 0 0)
(0 0 0 0 0 0)
(0 0 0 0 0 0)
(0 0 0 0 0 0)
(0 0 0 0 0 0)
(0 0 0 0 0 0)
(0 0 0 0 0 0)
(0 0 0 0 0 0)
(0 0 0 0 0 0)
(0 0 0 0 0 0)
(0 0 0 0 0 0)
(0 0 0 0 0 0)
(0 0 0 0 0 0)
(0 0 0 0 0 0)
(0 0 0 0 0 0)
(0 0 0 0 0 0)
(0 0 0 -208.218 0 0)
(0 0 0 0 0 0)
(0 0 0 0 0 0)
(0 0 0 0 0 0)
(0 0 0 0 0 0)
(0 0 0 0 0 0)
(0 0 0 0 0 0)
(0 0 0 0 0 0)
(0 0 0 0 0 0)
(0 0 0 0 0 0)
(0 0 0 0 0 0)
(0 0 0 0 0 0)
(0 0 0 0 0 0)
(0 0 0 0 0 0)
(0 0 0 0 0 0)
(0 0 0 0 0 0)
(0 0 0 0 0 0)
(0 0 0 0 0 0)
(0 0 0 0 0 0)
(0 0 0 0 0 0)
(0 0 0 0 0 0)
(0 0 0 0 0 0)
(0 0 0 0 0 0)
(0 0 0 0 0 0)
(0 0 0 0 0 0)
(0 0 0 0 0 0)
(0 0 0 0 0 0)
(0 0 0 0 0 0)
(0 0 0 0 0 0)
(0 0 0 0 0 0)
(0 0 0 0 0 0)
(0 0 0 0 0 0)
(0 0 0 0 0 0)
(0 0 0 -209.061 0 0)
(0 0 0 0 0 0)
(0 0 0 0 0 0)
(0 0 0 0 0 0)
(0 0 0 0 0 0)
(0 0 0 0 0 0)
(0 0 0 0 0 0)
(0 0 0 0 0 0)
(0 0 0 0 0 0)
(0 0 0 0 0 0)
(0 0 0 0 0 0)
(0 0 0 0 0 0)
(0 0 0 0 0 0)
(0 0 0 0 0 0)
(0 0 0 0 0 0)
(0 0 0 0 0 0)
(0 0 0 0 0 0)
(0 0 0 0 0 0)
(0 0 0 0 0 0)
(0 0 0 0 0 0)
(0 0 0 0 0 0)
(0 0 0 0 0 0)
(0 0 0 0 0 0)
(0 0 0 0 0 0)
(0 0 0 0 0 0)
(0 0 0 0 0 0)
(0 0 0 0 0 0)
(0 0 0 0 0 0)
(0 0 0 0 0 0)
(0 0 0 0 0 0)
(0 0 0 0 0 0)
(0 0 0 0 0 0)
(0 0 0 0 0 0)
(0 0 0 -209.913 0 0)
(0 0 0 0 0 0)
(0 0 0 0 0 0)
(0 0 0 0 0 0)
(0 0 0 0 0 0)
(0 0 0 0 0 0)
(0 0 0 0 0 0)
(0 0 0 0 0 0)
(0 0 0 0 0 0)
(0 0 0 0 0 0)
(0 0 0 0 0 0)
(0 0 0 0 0 0)
(0 0 0 0 0 0)
(0 0 0 0 0 0)
(0 0 0 0 0 0)
(0 0 0 0 0 0)
(0 0 0 0 0 0)
(0 0 0 0 0 0)
(0 0 0 0 0 0)
(0 0 0 0 0 0)
(0 0 0 0 0 0)
(0 0 0 0 0 0)
(0 0 0 0 0 0)
(0 0 0 0 0 0)
(0 0 0 0 0 0)
(0 0 0 0 0 0)
(0 0 0 0 0 0)
(0 0 0 0 0 0)
(0 0 0 0 0 0)
(0 0 0 0 0 0)
(0 0 0 0 0 0)
(0 0 0 0 0 0)
(0 0 0 0 0 0)
(0 0 0 -210.775 0 0)
(0 0 0 0 0 0)
(0 0 0 0 0 0)
(0 0 0 0 0 0)
(0 0 0 0 0 0)
(0 0 0 0 0 0)
(0 0 0 0 0 0)
(0 0 0 0 0 0)
(0 0 0 0 0 0)
(0 0 0 0 0 0)
(0 0 0 0 0 0)
(0 0 0 0 0 0)
(0 0 0 0 0 0)
(0 0 0 0 0 0)
(0 0 0 0 0 0)
(0 0 0 0 0 0)
(0 0 0 0 0 0)
(0 0 0 0 0 0)
(0 0 0 0 0 0)
(0 0 0 0 0 0)
(0 0 0 0 0 0)
(0 0 0 0 0 0)
(0 0 0 0 0 0)
(0 0 0 0 0 0)
(0 0 0 0 0 0)
(0 0 0 0 0 0)
(0 0 0 0 0 0)
(0 0 0 0 0 0)
(0 0 0 0 0 0)
(0 0 0 0 0 0)
(0 0 0 0 0 0)
(0 0 0 0 0 0)
(0 0 0 0 0 0)
(0 0 0 -211.646 0 0)
(0 0 0 0 0 0)
(0 0 0 0 0 0)
(0 0 0 0 0 0)
(0 0 0 0 0 0)
(0 0 0 0 0 0)
(0 0 0 0 0 0)
(0 0 0 0 0 0)
(0 0 0 0 0 0)
(0 0 0 0 0 0)
(0 0 0 0 0 0)
(0 0 0 0 0 0)
(0 0 0 0 0 0)
(0 0 0 0 0 0)
(0 0 0 0 0 0)
(0 0 0 0 0 0)
(0 0 0 0 0 0)
(0 0 0 0 0 0)
(0 0 0 0 0 0)
(0 0 0 0 0 0)
(0 0 0 0 0 0)
(0 0 0 0 0 0)
(0 0 0 0 0 0)
(0 0 0 0 0 0)
(0 0 0 0 0 0)
(0 0 0 0 0 0)
(0 0 0 0 0 0)
(0 0 0 0 0 0)
(0 0 0 0 0 0)
(0 0 0 0 0 0)
(0 0 0 0 0 0)
(0 0 0 0 0 0)
(0 0 0 0 0 0)
(0 0 0 -212.527 0 0)
(0 0 0 0 0 0)
(0 0 0 0 0 0)
(0 0 0 0 0 0)
(0 0 0 0 0 0)
(0 0 0 0 0 0)
(0 0 0 0 0 0)
(0 0 0 0 0 0)
(0 0 0 0 0 0)
(0 0 0 0 0 0)
(0 0 0 0 0 0)
(0 0 0 0 0 0)
(0 0 0 0 0 0)
(0 0 0 0 0 0)
(0 0 0 0 0 0)
(0 0 0 0 0 0)
(0 0 0 0 0 0)
(0 0 0 0 0 0)
(0 0 0 0 0 0)
(0 0 0 0 0 0)
(0 0 0 0 0 0)
(0 0 0 0 0 0)
(0 0 0 0 0 0)
(0 0 0 0 0 0)
(0 0 0 0 0 0)
(0 0 0 0 0 0)
(0 0 0 0 0 0)
(0 0 0 0 0 0)
(0 0 0 0 0 0)
(0 0 0 0 0 0)
(0 0 0 0 0 0)
(0 0 0 0 0 0)
(0 0 0 0 0 0)
(0 0 0 -213.417 0 0)
(0 0 0 0 0 0)
(0 0 0 0 0 0)
(0 0 0 0 0 0)
(0 0 0 0 0 0)
(0 0 0 0 0 0)
(0 0 0 0 0 0)
(0 0 0 0 0 0)
(0 0 0 0 0 0)
(0 0 0 0 0 0)
(0 0 0 0 0 0)
(0 0 0 0 0 0)
(0 0 0 0 0 0)
(0 0 0 0 0 0)
(0 0 0 0 0 0)
(0 0 0 0 0 0)
(0 0 0 0 0 0)
(0 0 0 0 0 0)
(0 0 0 0 0 0)
(0 0 0 0 0 0)
(0 0 0 0 0 0)
(0 0 0 0 0 0)
(0 0 0 0 0 0)
(0 0 0 0 0 0)
(0 0 0 0 0 0)
(0 0 0 0 0 0)
(0 0 0 0 0 0)
(0 0 0 0 0 0)
(0 0 0 0 0 0)
(0 0 0 0 0 0)
(0 0 0 0 0 0)
(0 0 0 0 0 0)
(0 0 0 0 0 0)
(0 0 0 -214.317 0 0)
(0 0 0 0 0 0)
(0 0 0 0 0 0)
(0 0 0 0 0 0)
(0 0 0 0 0 0)
(0 0 0 0 0 0)
(0 0 0 0 0 0)
(0 0 0 0 0 0)
(0 0 0 0 0 0)
(0 0 0 0 0 0)
(0 0 0 0 0 0)
(0 0 0 0 0 0)
(0 0 0 0 0 0)
(0 0 0 0 0 0)
(0 0 0 0 0 0)
(0 0 0 0 0 0)
(0 0 0 0 0 0)
(0 0 0 0 0 0)
(0 0 0 0 0 0)
(0 0 0 0 0 0)
(0 0 0 0 0 0)
(0 0 0 0 0 0)
(0 0 0 0 0 0)
(0 0 0 0 0 0)
(0 0 0 0 0 0)
(0 0 0 0 0 0)
(0 0 0 0 0 0)
(0 0 0 0 0 0)
(0 0 0 0 0 0)
(0 0 0 0 0 0)
(0 0 0 0 0 0)
(0 0 0 0 0 0)
(0 0 0 0 0 0)
(0 0 0 -215.228 0 0)
(0 0 0 0 0 0)
(0 0 0 0 0 0)
(0 0 0 0 0 0)
(0 0 0 0 0 0)
(0 0 0 0 0 0)
(0 0 0 0 0 0)
(0 0 0 0 0 0)
(0 0 0 0 0 0)
(0 0 0 0 0 0)
(0 0 0 0 0 0)
(0 0 0 0 0 0)
(0 0 0 0 0 0)
(0 0 0 0 0 0)
(0 0 0 0 0 0)
(0 0 0 0 0 0)
(0 0 0 0 0 0)
(0 0 0 0 0 0)
(0 0 0 0 0 0)
(0 0 0 0 0 0)
(0 0 0 0 0 0)
(0 0 0 0 0 0)
(0 0 0 0 0 0)
(0 0 0 0 0 0)
(0 0 0 0 0 0)
(0 0 0 0 0 0)
(0 0 0 0 0 0)
(0 0 0 0 0 0)
(0 0 0 0 0 0)
(0 0 0 0 0 0)
(0 0 0 0 0 0)
(0 0 0 0 0 0)
(0 0 0 0 0 0)
(0 0 0 -216.148 0 0)
(0 0 0 0 0 0)
(0 0 0 0 0 0)
(0 0 0 0 0 0)
(0 0 0 0 0 0)
(0 0 0 0 0 0)
(0 0 0 0 0 0)
(0 0 0 0 0 0)
(0 0 0 0 0 0)
(0 0 0 0 0 0)
(0 0 0 0 0 0)
(0 0 0 0 0 0)
(0 0 0 0 0 0)
(0 0 0 0 0 0)
(0 0 0 0 0 0)
(0 0 0 0 0 0)
(0 0 0 0 0 0)
(0 0 0 0 0 0)
(0 0 0 0 0 0)
(0 0 0 0 0 0)
(0 0 0 0 0 0)
(0 0 0 0 0 0)
(0 0 0 0 0 0)
(0 0 0 0 0 0)
(0 0 0 0 0 0)
(0 0 0 0 0 0)
(0 0 0 0 0 0)
(0 0 0 0 0 0)
(0 0 0 0 0 0)
(0 0 0 0 0 0)
(0 0 0 0 0 0)
(0 0 0 0 0 0)
(0 0 0 0 0 0)
(0 0 0 -217.08 0 0)
(0 0 0 0 0 0)
(0 0 0 0 0 0)
(0 0 0 0 0 0)
(0 0 0 0 0 0)
(0 0 0 0 0 0)
(0 0 0 0 0 0)
(0 0 0 0 0 0)
(0 0 0 0 0 0)
(0 0 0 0 0 0)
(0 0 0 0 0 0)
(0 0 0 0 0 0)
(0 0 0 0 0 0)
(0 0 0 0 0 0)
(0 0 0 0 0 0)
(0 0 0 0 0 0)
(0 0 0 0 0 0)
(0 0 0 0 0 0)
(0 0 0 0 0 0)
(0 0 0 0 0 0)
(0 0 0 0 0 0)
(0 0 0 0 0 0)
(0 0 0 0 0 0)
(0 0 0 0 0 0)
(0 0 0 0 0 0)
(0 0 0 0 0 0)
(0 0 0 0 0 0)
(0 0 0 0 0 0)
(0 0 0 0 0 0)
(0 0 0 0 0 0)
(0 0 0 0 0 0)
(0 0 0 0 0 0)
(0 0 0 0 0 0)
(0 0 0 -218.022 0 0)
(0 0 0 0 0 0)
(0 0 0 0 0 0)
(0 0 0 0 0 0)
(0 0 0 0 0 0)
(0 0 0 0 0 0)
(0 0 0 0 0 0)
(0 0 0 0 0 0)
(0 0 0 0 0 0)
(0 0 0 0 0 0)
(0 0 0 0 0 0)
(0 0 0 0 0 0)
(0 0 0 0 0 0)
(0 0 0 0 0 0)
(0 0 0 0 0 0)
(0 0 0 0 0 0)
(0 0 0 0 0 0)
(0 0 0 0 0 0)
(0 0 0 0 0 0)
(0 0 0 0 0 0)
(0 0 0 0 0 0)
(0 0 0 0 0 0)
(0 0 0 0 0 0)
(0 0 0 0 0 0)
(0 0 0 0 0 0)
(0 0 0 0 0 0)
(0 0 0 0 0 0)
(0 0 0 0 0 0)
(0 0 0 0 0 0)
(0 0 0 0 0 0)
(0 0 0 0 0 0)
(0 0 0 0 0 0)
(0 0 0 0 0 0)
(0 0 0 -218.975 0 0)
(0 0 0 0 0 0)
(0 0 0 0 0 0)
(0 0 0 0 0 0)
(0 0 0 0 0 0)
(0 0 0 0 0 0)
(0 0 0 0 0 0)
(0 0 0 0 0 0)
(0 0 0 0 0 0)
(0 0 0 0 0 0)
(0 0 0 0 0 0)
(0 0 0 0 0 0)
(0 0 0 0 0 0)
(0 0 0 0 0 0)
(0 0 0 0 0 0)
(0 0 0 0 0 0)
(0 0 0 0 0 0)
(0 0 0 0 0 0)
(0 0 0 0 0 0)
(0 0 0 0 0 0)
(0 0 0 0 0 0)
(0 0 0 0 0 0)
(0 0 0 0 0 0)
(0 0 0 0 0 0)
(0 0 0 0 0 0)
(0 0 0 0 0 0)
(0 0 0 0 0 0)
(0 0 0 0 0 0)
(0 0 0 0 0 0)
(0 0 0 0 0 0)
(0 0 0 0 0 0)
(0 0 0 0 0 0)
(0 0 0 0 0 0)
(0 0 0 -219.94 0 0)
(0 0 0 0 0 0)
(0 0 0 0 0 0)
(0 0 0 0 0 0)
(0 0 0 0 0 0)
(0 0 0 0 0 0)
(0 0 0 0 0 0)
(0 0 0 0 0 0)
(0 0 0 0 0 0)
(0 0 0 0 0 0)
(0 0 0 0 0 0)
(0 0 0 0 0 0)
(0 0 0 0 0 0)
(0 0 0 0 0 0)
(0 0 0 0 0 0)
(0 0 0 0 0 0)
(0 0 0 0 0 0)
(0 0 0 0 0 0)
(0 0 0 0 0 0)
(0 0 0 0 0 0)
(0 0 0 0 0 0)
(0 0 0 0 0 0)
(0 0 0 0 0 0)
(0 0 0 0 0 0)
(0 0 0 0 0 0)
(0 0 0 0 0 0)
(0 0 0 0 0 0)
(0 0 0 0 0 0)
(0 0 0 0 0 0)
(0 0 0 0 0 0)
(0 0 0 0 0 0)
(0 0 0 0 0 0)
(0 0 0 0 0 0)
(0 0 0 -220.916 0 0)
(0 0 0 0 0 0)
(0 0 0 0 0 0)
(0 0 0 0 0 0)
(0 0 0 0 0 0)
(0 0 0 0 0 0)
(0 0 0 0 0 0)
(0 0 0 0 0 0)
(0 0 0 0 0 0)
(0 0 0 0 0 0)
(0 0 0 0 0 0)
(0 0 0 0 0 0)
(0 0 0 0 0 0)
(0 0 0 0 0 0)
(0 0 0 0 0 0)
(0 0 0 0 0 0)
(0 0 0 0 0 0)
(0 0 0 0 0 0)
(0 0 0 0 0 0)
(0 0 0 0 0 0)
(0 0 0 0 0 0)
(0 0 0 0 0 0)
(0 0 0 0 0 0)
(0 0 0 0 0 0)
(0 0 0 0 0 0)
(0 0 0 0 0 0)
(0 0 0 0 0 0)
(0 0 0 0 0 0)
(0 0 0 0 0 0)
(0 0 0 0 0 0)
(0 0 0 0 0 0)
(0 0 0 0 0 0)
(0 0 0 0 0 0)
(0 0 0 -221.903 0 0)
(0 0 0 0 0 0)
(0 0 0 0 0 0)
(0 0 0 0 0 0)
(0 0 0 0 0 0)
(0 0 0 0 0 0)
(0 0 0 0 0 0)
(0 0 0 0 0 0)
(0 0 0 0 0 0)
(0 0 0 0 0 0)
(0 0 0 0 0 0)
(0 0 0 0 0 0)
(0 0 0 0 0 0)
(0 0 0 0 0 0)
(0 0 0 0 0 0)
(0 0 0 0 0 0)
(0 0 0 0 0 0)
(0 0 0 0 0 0)
(0 0 0 0 0 0)
(0 0 0 0 0 0)
(0 0 0 0 0 0)
(0 0 0 0 0 0)
(0 0 0 0 0 0)
(0 0 0 0 0 0)
(0 0 0 0 0 0)
(0 0 0 0 0 0)
(0 0 0 0 0 0)
(0 0 0 0 0 0)
(0 0 0 0 0 0)
(0 0 0 0 0 0)
(0 0 0 0 0 0)
(0 0 0 0 0 0)
(0 0 0 0 0 0)
(0 0 0 -222.903 0 0)
(0 0 0 0 0 0)
(0 0 0 0 0 0)
(0 0 0 0 0 0)
(0 0 0 0 0 0)
(0 0 0 0 0 0)
(0 0 0 0 0 0)
(0 0 0 0 0 0)
(0 0 0 0 0 0)
(0 0 0 0 0 0)
(0 0 0 0 0 0)
(0 0 0 0 0 0)
(0 0 0 0 0 0)
(0 0 0 0 0 0)
(0 0 0 0 0 0)
(0 0 0 0 0 0)
(0 0 0 0 0 0)
(0 0 0 0 0 0)
(0 0 0 0 0 0)
(0 0 0 0 0 0)
(0 0 0 0 0 0)
(0 0 0 0 0 0)
(0 0 0 0 0 0)
(0 0 0 0 0 0)
(0 0 0 0 0 0)
(0 0 0 0 0 0)
(0 0 0 0 0 0)
(0 0 0 0 0 0)
(0 0 0 0 0 0)
(0 0 0 0 0 0)
(0 0 0 0 0 0)
(0 0 0 0 0 0)
(0 0 0 0 0 0)
(0 0 0 -223.914 0 0)
(0 0 0 0 0 0)
(0 0 0 0 0 0)
(0 0 0 0 0 0)
(0 0 0 0 0 0)
(0 0 0 0 0 0)
(0 0 0 0 0 0)
(0 0 0 0 0 0)
(0 0 0 0 0 0)
(0 0 0 0 0 0)
(0 0 0 0 0 0)
(0 0 0 0 0 0)
(0 0 0 0 0 0)
(0 0 0 0 0 0)
(0 0 0 0 0 0)
(0 0 0 0 0 0)
(0 0 0 0 0 0)
(0 0 0 0 0 0)
(0 0 0 0 0 0)
(0 0 0 0 0 0)
(0 0 0 0 0 0)
(0 0 0 0 0 0)
(0 0 0 0 0 0)
(0 0 0 0 0 0)
(0 0 0 0 0 0)
(0 0 0 0 0 0)
(0 0 0 0 0 0)
(0 0 0 0 0 0)
(0 0 0 0 0 0)
(0 0 0 0 0 0)
(0 0 0 0 0 0)
(0 0 0 0 0 0)
(0 0 0 0 0 0)
(0 0 0 -224.938 0 0)
(0 0 0 0 0 0)
(0 0 0 0 0 0)
(0 0 0 0 0 0)
(0 0 0 0 0 0)
(0 0 0 0 0 0)
(0 0 0 0 0 0)
(0 0 0 0 0 0)
(0 0 0 0 0 0)
(0 0 0 0 0 0)
(0 0 0 0 0 0)
(0 0 0 0 0 0)
(0 0 0 0 0 0)
(0 0 0 0 0 0)
(0 0 0 0 0 0)
(0 0 0 0 0 0)
(0 0 0 0 0 0)
(0 0 0 0 0 0)
(0 0 0 0 0 0)
(0 0 0 0 0 0)
(0 0 0 0 0 0)
(0 0 0 0 0 0)
(0 0 0 0 0 0)
(0 0 0 0 0 0)
(0 0 0 0 0 0)
(0 0 0 0 0 0)
(0 0 0 0 0 0)
(0 0 0 0 0 0)
(0 0 0 0 0 0)
(0 0 0 0 0 0)
(0 0 0 0 0 0)
(0 0 0 0 0 0)
(0 0 0 0 0 0)
(0 0 0 -225.975 0 0)
(0 0 0 0 0 0)
(0 0 0 0 0 0)
(0 0 0 0 0 0)
(0 0 0 0 0 0)
(0 0 0 0 0 0)
(0 0 0 0 0 0)
(0 0 0 0 0 0)
(0 0 0 0 0 0)
(0 0 0 0 0 0)
(0 0 0 0 0 0)
(0 0 0 0 0 0)
(0 0 0 0 0 0)
(0 0 0 0 0 0)
(0 0 0 0 0 0)
(0 0 0 0 0 0)
(0 0 0 0 0 0)
(0 0 0 0 0 0)
(0 0 0 0 0 0)
(0 0 0 0 0 0)
(0 0 0 0 0 0)
(0 0 0 0 0 0)
(0 0 0 0 0 0)
(0 0 0 0 0 0)
(0 0 0 0 0 0)
(0 0 0 0 0 0)
(0 0 0 0 0 0)
(0 0 0 0 0 0)
(0 0 0 0 0 0)
(0 0 0 0 0 0)
(0 0 0 0 0 0)
(0 0 0 0 0 0)
(0 0 0 0 0 0)
(0 0 0 -227.025 0 0)
(0 0 0 0 0 0)
(0 0 0 0 0 0)
(0 0 0 0 0 0)
(0 0 0 0 0 0)
(0 0 0 0 0 0)
(0 0 0 0 0 0)
(0 0 0 0 0 0)
(0 0 0 0 0 0)
(0 0 0 0 0 0)
(0 0 0 0 0 0)
(0 0 0 0 0 0)
(0 0 0 0 0 0)
(0 0 0 0 0 0)
(0 0 0 0 0 0)
(0 0 0 0 0 0)
(0 0 0 0 0 0)
(0 0 0 0 0 0)
(0 0 0 0 0 0)
(0 0 0 0 0 0)
(0 0 0 0 0 0)
(0 0 0 0 0 0)
(0 0 0 0 0 0)
(0 0 0 0 0 0)
(0 0 0 0 0 0)
(0 0 0 0 0 0)
(0 0 0 0 0 0)
(0 0 0 0 0 0)
(0 0 0 0 0 0)
(0 0 0 0 0 0)
(0 0 0 0 0 0)
(0 0 0 0 0 0)
(0 0 0 0 0 0)
(0 0 0 -228.088 0 0)
(0 0 0 0 0 0)
(0 0 0 0 0 0)
(0 0 0 0 0 0)
(0 0 0 0 0 0)
(0 0 0 0 0 0)
(0 0 0 0 0 0)
(0 0 0 0 0 0)
(0 0 0 0 0 0)
(0 0 0 0 0 0)
(0 0 0 0 0 0)
(0 0 0 0 0 0)
(0 0 0 0 0 0)
(0 0 0 0 0 0)
(0 0 0 0 0 0)
(0 0 0 0 0 0)
(0 0 0 0 0 0)
(0 0 0 0 0 0)
(0 0 0 0 0 0)
(0 0 0 0 0 0)
(0 0 0 0 0 0)
(0 0 0 0 0 0)
(0 0 0 0 0 0)
(0 0 0 0 0 0)
(0 0 0 0 0 0)
(0 0 0 0 0 0)
(0 0 0 0 0 0)
(0 0 0 0 0 0)
(0 0 0 0 0 0)
(0 0 0 0 0 0)
(0 0 0 0 0 0)
(0 0 0 0 0 0)
(0 0 0 0 0 0)
(0 0 0 -229.164 0 0)
(0 0 0 0 0 0)
(0 0 0 0 0 0)
(0 0 0 0 0 0)
(0 0 0 0 0 0)
(0 0 0 0 0 0)
(0 0 0 0 0 0)
(0 0 0 0 0 0)
(0 0 0 0 0 0)
(0 0 0 0 0 0)
(0 0 0 0 0 0)
(0 0 0 0 0 0)
(0 0 0 0 0 0)
(0 0 0 0 0 0)
(0 0 0 0 0 0)
(0 0 0 0 0 0)
(0 0 0 0 0 0)
(0 0 0 0 0 0)
(0 0 0 0 0 0)
(0 0 0 0 0 0)
(0 0 0 0 0 0)
(0 0 0 0 0 0)
(0 0 0 0 0 0)
(0 0 0 0 0 0)
(0 0 0 0 0 0)
(0 0 0 0 0 0)
(0 0 0 0 0 0)
(0 0 0 0 0 0)
(0 0 0 0 0 0)
(0 0 0 0 0 0)
(0 0 0 0 0 0)
(0 0 0 0 0 0)
(0 0 0 0 0 0)
(0 0 0 -230.255 0 0)
(0 0 0 0 0 0)
(0 0 0 0 0 0)
(0 0 0 0 0 0)
(0 0 0 0 0 0)
(0 0 0 0 0 0)
(0 0 0 0 0 0)
(0 0 0 0 0 0)
(0 0 0 0 0 0)
(0 0 0 0 0 0)
(0 0 0 0 0 0)
(0 0 0 0 0 0)
(0 0 0 0 0 0)
(0 0 0 0 0 0)
(0 0 0 0 0 0)
(0 0 0 0 0 0)
(0 0 0 0 0 0)
(0 0 0 0 0 0)
(0 0 0 0 0 0)
(0 0 0 0 0 0)
(0 0 0 0 0 0)
(0 0 0 0 0 0)
(0 0 0 0 0 0)
(0 0 0 0 0 0)
(0 0 0 0 0 0)
(0 0 0 0 0 0)
(0 0 0 0 0 0)
(0 0 0 0 0 0)
(0 0 0 0 0 0)
(0 0 0 0 0 0)
(0 0 0 0 0 0)
(0 0 0 0 0 0)
(0 0 0 0 0 0)
(0 0 0 -231.359 0 0)
(0 0 0 0 0 0)
(0 0 0 0 0 0)
(0 0 0 0 0 0)
(0 0 0 0 0 0)
(0 0 0 0 0 0)
(0 0 0 0 0 0)
(0 0 0 0 0 0)
(0 0 0 0 0 0)
(0 0 0 0 0 0)
(0 0 0 0 0 0)
(0 0 0 0 0 0)
(0 0 0 0 0 0)
(0 0 0 0 0 0)
(0 0 0 0 0 0)
(0 0 0 0 0 0)
(0 0 0 0 0 0)
(0 0 0 0 0 0)
(0 0 0 0 0 0)
(0 0 0 0 0 0)
(0 0 0 0 0 0)
(0 0 0 0 0 0)
(0 0 0 0 0 0)
(0 0 0 0 0 0)
(0 0 0 0 0 0)
(0 0 0 0 0 0)
(0 0 0 0 0 0)
(0 0 0 0 0 0)
(0 0 0 0 0 0)
(0 0 0 0 0 0)
(0 0 0 0 0 0)
(0 0 0 0 0 0)
(0 0 0 0 0 0)
(0 0 0 -232.478 0 0)
(0 0 0 0 0 0)
(0 0 0 0 0 0)
(0 0 0 0 0 0)
(0 0 0 0 0 0)
(0 0 0 0 0 0)
(0 0 0 0 0 0)
(0 0 0 0 0 0)
(0 0 0 0 0 0)
(0 0 0 0 0 0)
(0 0 0 0 0 0)
(0 0 0 0 0 0)
(0 0 0 0 0 0)
(0 0 0 0 0 0)
(0 0 0 0 0 0)
(0 0 0 0 0 0)
(0 0 0 0 0 0)
(0 0 0 0 0 0)
(0 0 0 0 0 0)
(0 0 0 0 0 0)
(0 0 0 0 0 0)
(0 0 0 0 0 0)
(0 0 0 0 0 0)
(0 0 0 0 0 0)
(0 0 0 0 0 0)
(0 0 0 0 0 0)
(0 0 0 0 0 0)
(0 0 0 0 0 0)
(0 0 0 0 0 0)
(0 0 0 0 0 0)
(0 0 0 0 0 0)
(0 0 0 0 0 0)
(0 0 0 0 0 0)
(0 0 0 -233.611 0 0)
(0 0 0 0 0 0)
(0 0 0 0 0 0)
(0 0 0 0 0 0)
(0 0 0 0 0 0)
(0 0 0 0 0 0)
(0 0 0 0 0 0)
(0 0 0 0 0 0)
(0 0 0 0 0 0)
(0 0 0 0 0 0)
(0 0 0 0 0 0)
(0 0 0 0 0 0)
(0 0 0 0 0 0)
(0 0 0 0 0 0)
(0 0 0 0 0 0)
(0 0 0 0 0 0)
(0 0 0 0 0 0)
(0 0 0 0 0 0)
(0 0 0 0 0 0)
(0 0 0 0 0 0)
(0 0 0 0 0 0)
(0 0 0 0 0 0)
(0 0 0 0 0 0)
(0 0 0 0 0 0)
(0 0 0 0 0 0)
(0 0 0 0 0 0)
(0 0 0 0 0 0)
(0 0 0 0 0 0)
(0 0 0 0 0 0)
(0 0 0 0 0 0)
(0 0 0 0 0 0)
(0 0 0 0 0 0)
(0 0 0 0 0 0)
(0 0 0 -234.759 0 0)
(0 0 0 0 0 0)
(0 0 0 0 0 0)
(0 0 0 0 0 0)
(0 0 0 0 0 0)
(0 0 0 0 0 0)
(0 0 0 0 0 0)
(0 0 0 0 0 0)
(0 0 0 0 0 0)
(0 0 0 0 0 0)
(0 0 0 0 0 0)
(0 0 0 0 0 0)
(0 0 0 0 0 0)
(0 0 0 0 0 0)
(0 0 0 0 0 0)
(0 0 0 0 0 0)
(0 0 0 0 0 0)
(0 0 0 0 0 0)
(0 0 0 0 0 0)
(0 0 0 0 0 0)
(0 0 0 0 0 0)
(0 0 0 0 0 0)
(0 0 0 0 0 0)
(0 0 0 0 0 0)
(0 0 0 0 0 0)
(0 0 0 0 0 0)
(0 0 0 0 0 0)
(0 0 0 0 0 0)
(0 0 0 0 0 0)
(0 0 0 0 0 0)
(0 0 0 0 0 0)
(0 0 0 0 0 0)
(0 0 0 0 0 0)
(0 0 0 -235.923 0 0)
(0 0 0 0 0 0)
(0 0 0 0 0 0)
(0 0 0 0 0 0)
(0 0 0 0 0 0)
(0 0 0 0 0 0)
(0 0 0 0 0 0)
(0 0 0 0 0 0)
(0 0 0 0 0 0)
(0 0 0 0 0 0)
(0 0 0 0 0 0)
(0 0 0 0 0 0)
(0 0 0 0 0 0)
(0 0 0 0 0 0)
(0 0 0 0 0 0)
(0 0 0 0 0 0)
(0 0 0 0 0 0)
(0 0 0 0 0 0)
(0 0 0 0 0 0)
(0 0 0 0 0 0)
(0 0 0 0 0 0)
(0 0 0 0 0 0)
(0 0 0 0 0 0)
(0 0 0 0 0 0)
(0 0 0 0 0 0)
(0 0 0 0 0 0)
(0 0 0 0 0 0)
(0 0 0 0 0 0)
(0 0 0 0 0 0)
(0 0 0 0 0 0)
(0 0 0 0 0 0)
(0 0 0 0 0 0)
(0 0 0 0 0 0)
(0 0 0 0 0 0)
(0 0 0 0 0 0)
(0 0 0 0 0 0)
(0 0 0 0 0 0)
(0 0 0 0 0 0)
(0 0 0 0 0 0)
(0 0 0 0 0 0)
(0 0 0 0 0 0)
(0 0 0 0 0 0)
(0 0 0 0 0 0)
(0 0 0 0 0 0)
(0 0 0 0 0 0)
(0 0 0 0 0 0)
(0 0 0 0 0 0)
(0 0 0 0 0 0)
(0 0 0 0 0 0)
(0 0 0 0 0 0)
(0 0 0 0 0 0)
(0 0 0 0 0 0)
(0 0 0 0 0 0)
(0 0 0 0 0 0)
(0 0 0 0 0 0)
(0 0 0 0 0 0)
(0 0 0 0 0 0)
(0 0 0 0 0 0)
(0 0 0 0 0 0)
(0 0 0 0 0 0)
(0 0 0 0 0 0)
(0 0 0 0 0 0)
(0 0 0 0 0 0)
(0 0 0 0 0 0)
(0 0 0 0 0 0)
(0 0 0 0 0 0)
(0 0 0 0 0 0)
(0 0 0 0 0 0)
(0 0 0 0 0 0)
(0 0 0 0 0 0)
(0 0 0 0 0 0)
(0 0 0 0 0 0)
(0 0 0 0 0 0)
(0 0 0 0 0 0)
(0 0 0 0 0 0)
(0 0 0 0 0 0)
(0 0 0 0 0 0)
(0 0 0 0 0 0)
(0 0 0 0 0 0)
(0 0 0 0 0 0)
(0 0 0 0 0 0)
(0 0 0 0 0 0)
(0 0 0 0 0 0)
(0 0 0 0 0 0)
(0 0 0 0 0 0)
(0 0 0 0 0 0)
(0 0 0 0 0 0)
(0 0 0 0 0 0)
(0 0 0 0 0 0)
(0 0 0 0 0 0)
(0 0 0 0 0 0)
(0 0 0 0 0 0)
(0 0 0 0 0 0)
(0 0 0 0 0 0)
(0 0 0 0 0 0)
(0 0 0 0 0 0)
(0 0 0 0 0 0)
(0 0 0 0 0 0)
(0 0 0 0 0 0)
(0 0 0 0 0 0)
(0 0 0 0 0 0)
(0 0 0 0 0 0)
(0 0 0 0 0 0)
(0 0 0 0 0 0)
(0 0 0 0 0 0)
(0 0 0 0 0 0)
(0 0 0 0 0 0)
(0 0 0 0 0 0)
(0 0 0 0 0 0)
(0 0 0 0 0 0)
(0 0 0 0 0 0)
(0 0 0 0 0 0)
(0 0 0 0 0 0)
(0 0 0 0 0 0)
(0 0 0 0 0 0)
(0 0 0 0 0 0)
(0 0 0 0 0 0)
(0 0 0 0 0 0)
(0 0 0 0 0 0)
(0 0 0 0 0 0)
(0 0 0 0 0 0)
(0 0 0 0 0 0)
(0 0 0 0 0 0)
(0 0 0 0 0 0)
(0 0 0 0 0 0)
(0 0 0 0 0 0)
(0 0 0 0 0 0)
(0 0 0 0 0 0)
(0 0 0 0 0 0)
(0 0 0 0 0 0)
(0 0 0 0 0 0)
(0 0 0 0 0 0)
(0 0 0 0 0 0)
(0 0 0 0 0 0)
(0 0 0 0 0 0)
(0 0 0 0 0 0)
(0 0 0 0 0 0)
(0 0 0 0 0 0)
(0 0 0 0 0 0)
(0 0 0 0 0 0)
(0 0 0 0 0 0)
(0 0 0 0 0 0)
(0 0 0 0 0 0)
(0 0 0 0 0 0)
(0 0 0 0 0 0)
(0 0 0 0 0 0)
(0 0 0 0 0 0)
(0 0 0 0 0 0)
(0 0 0 0 0 0)
(0 0 0 0 0 0)
(0 0 0 0 0 0)
(0 0 0 0 0 0)
(0 0 0 0 0 0)
(0 0 0 0 0 0)
(0 0 0 0 0 0)
(0 0 0 0 0 0)
(0 0 0 0 0 0)
(0 0 0 0 0 0)
(0 0 0 0 0 0)
(0 0 0 0 0 0)
(0 0 0 0 0 0)
(0 0 0 0 0 0)
(0 0 0 0 0 0)
(0 0 0 0 0 0)
(0 0 0 0 0 0)
(0 0 0 0 0 0)
(0 0 0 0 0 0)
(0 0 0 0 0 0)
(0 0 0 0 0 0)
(0 0 0 0 0 0)
(0 0 0 0 0 0)
(0 0 0 0 0 0)
(0 0 0 0 0 0)
(0 0 0 0 0 0)
(0 0 0 0 0 0)
(0 0 0 0 0 0)
(0 0 0 0 0 0)
(0 0 0 0 0 0)
(0 0 0 0 0 0)
(0 0 0 0 0 0)
(0 0 0 0 0 0)
(0 0 0 0 0 0)
(0 0 0 0 0 0)
(0 0 0 0 0 0)
(0 0 0 0 0 0)
(0 0 0 0 0 0)
(0 0 0 0 0 0)
(0 0 0 0 0 0)
(0 0 0 0 0 0)
(0 0 0 0 0 0)
(0 0 0 0 0 0)
(0 0 0 0 0 0)
(0 0 0 0 0 0)
(0 0 0 0 0 0)
(0 0 0 0 0 0)
(0 0 0 0 0 0)
(0 0 0 0 0 0)
(0 0 0 0 0 0)
(0 0 0 0 0 0)
(0 0 0 0 0 0)
(0 0 0 0 0 0)
(0 0 0 0 0 0)
(0 0 0 0 0 0)
(0 0 0 0 0 0)
(0 0 0 0 0 0)
(0 0 0 0 0 0)
(0 0 0 0 0 0)
(0 0 0 0 0 0)
(0 0 0 0 0 0)
(0 0 0 0 0 0)
(0 0 0 0 0 0)
(0 0 0 0 0 0)
(0 0 0 0 0 0)
(0 0 0 0 0 0)
(0 0 0 0 0 0)
(0 0 0 0 0 0)
(0 0 0 0 0 0)
(0 0 0 0 0 0)
(0 0 0 0 0 0)
(0 0 0 0 0 0)
(0 0 0 0 0 0)
(0 0 0 0 0 0)
(0 0 0 0 0 0)
(0 0 0 0 0 0)
(0 0 0 0 0 0)
(0 0 0 0 0 0)
(0 0 0 0 0 0)
(0 0 0 0 0 0)
(0 0 0 0 0 0)
(0 0 0 0 0 0)
(0 0 0 0 0 0)
(0 0 0 0 0 0)
(0 0 0 0 0 0)
(0 0 0 0 0 0)
(0 0 0 0 0 0)
(0 0 0 0 0 0)
(0 0 0 0 0 0)
(0 0 0 0 0 0)
(0 0 0 0 0 0)
(0 0 0 0 0 0)
(0 0 0 0 0 0)
(0 0 0 0 0 0)
(0 0 0 0 0 0)
(0 0 0 0 0 0)
(0 0 0 0 0 0)
(0 0 0 0 0 0)
(0 0 0 0 0 0)
(0 0 0 0 0 0)
(0 0 0 0 0 0)
(0 0 0 0 0 0)
(0 0 0 0 0 0)
(0 0 0 0 0 0)
(0 0 0 0 0 0)
(0 0 0 0 0 0)
(0 0 0 0 0 0)
(0 0 0 0 0 0)
(0 0 0 0 0 0)
(0 0 0 0 0 0)
(0 0 0 0 0 0)
(0 0 0 0 0 0)
(0 0 0 0 0 0)
(0 0 0 0 0 0)
(0 0 0 0 0 0)
(0 0 0 0 0 0)
(0 0 0 0 0 0)
(0 0 0 0 0 0)
(0 0 0 0 0 0)
(0 0 0 0 0 0)
(0 0 0 0 0 0)
(0 0 0 0 0 0)
(0 0 0 0 0 0)
(0 0 0 0 0 0)
(0 0 0 0 0 0)
(0 0 0 0 0 0)
(0 0 0 0 0 0)
(0 0 0 0 0 0)
(0 0 0 0 0 0)
(0 0 0 0 0 0)
(0 0 0 0 0 0)
(0 0 0 0 0 0)
(0 0 0 0 0 0)
(0 0 0 0 0 0)
(0 0 0 0 0 0)
(0 0 0 0 0 0)
(0 0 0 0 0 0)
(0 0 0 0 0 0)
(0 0 0 0 0 0)
(0 0 0 0 0 0)
(0 0 0 0 0 0)
(0 0 0 0 0 0)
(0 0 0 0 0 0)
(0 0 0 0 0 0)
(0 0 0 0 0 0)
(0 0 0 0 0 0)
(0 0 0 0 0 0)
(0 0 0 0 0 0)
(0 0 0 0 0 0)
(0 0 0 0 0 0)
(0 0 0 0 0 0)
(0 0 0 0 0 0)
(0 0 0 0 0 0)
(0 0 0 0 0 0)
(0 0 0 0 0 0)
(0 0 0 0 0 0)
(0 0 0 0 0 0)
(0 0 0 0 0 0)
(0 0 0 0 0 0)
(0 0 0 0 0 0)
(0 0 0 0 0 0)
(0 0 0 0 0 0)
(0 0 0 0 0 0)
(0 0 0 0 0 0)
(0 0 0 0 0 0)
(0 0 0 0 0 0)
(0 0 0 0 0 0)
(0 0 0 0 0 0)
(0 0 0 0 0 0)
(0 0 0 0 0 0)
(0 0 0 0 0 0)
(0 0 0 0 0 0)
(0 0 0 0 0 0)
(0 0 0 0 0 0)
(0 0 0 0 0 0)
(0 0 0 0 0 0)
(0 0 0 0 0 0)
(0 0 0 0 0 0)
(0 0 0 0 0 0)
(0 0 0 0 0 0)
(0 0 0 0 0 0)
(0 0 0 0 0 0)
(0 0 0 0 0 0)
(0 0 0 0 0 0)
(0 0 0 0 0 0)
(0 0 0 0 0 0)
(0 0 0 0 0 0)
(0 0 0 0 0 0)
(0 0 0 0 0 0)
(0 0 0 0 0 0)
(0 0 0 0 0 0)
(0 0 0 0 0 0)
(0 0 0 0 0 0)
(0 0 0 0 0 0)
(0 0 0 0 0 0)
(0 0 0 0 0 0)
(0 0 0 0 0 0)
(0 0 0 0 0 0)
(0 0 0 0 0 0)
(0 0 0 0 0 0)
(0 0 0 0 0 0)
(0 0 0 0 0 0)
(0 0 0 0 0 0)
(0 0 0 0 0 0)
(0 0 0 0 0 0)
(0 0 0 0 0 0)
(0 0 0 0 0 0)
(0 0 0 0 0 0)
(0 0 0 0 0 0)
(0 0 0 0 0 0)
(0 0 0 0 0 0)
(0 0 0 0 0 0)
(0 0 0 0 0 0)
(0 0 0 0 0 0)
(0 0 0 0 0 0)
(0 0 0 0 0 0)
(0 0 0 0 0 0)
(0 0 0 0 0 0)
(0 0 0 0 0 0)
(0 0 0 0 0 0)
(0 0 0 0 0 0)
(0 0 0 0 0 0)
(0 0 0 0 0 0)
(0 0 0 0 0 0)
(0 0 0 0 0 0)
(0 0 0 0 0 0)
(0 0 0 0 0 0)
(0 0 0 0 0 0)
(0 0 0 0 0 0)
(0 0 0 0 0 0)
(0 0 0 0 0 0)
(0 0 0 0 0 0)
(0 0 0 0 0 0)
(0 0 0 0 0 0)
(0 0 0 0 0 0)
(0 0 0 0 0 0)
(0 0 0 0 0 0)
(0 0 0 0 0 0)
(0 0 0 0 0 0)
(0 0 0 0 0 0)
(0 0 0 0 0 0)
(0 0 0 0 0 0)
(0 0 0 0 0 0)
(0 0 0 0 0 0)
(0 0 0 0 0 0)
(0 0 0 0 0 0)
(0 0 0 0 0 0)
(0 0 0 0 0 0)
(0 0 0 0 0 0)
(0 0 0 0 0 0)
(0 0 0 0 0 0)
(0 0 0 0 0 0)
(0 0 0 0 0 0)
(0 0 0 0 0 0)
(0 0 0 0 0 0)
(0 0 0 0 0 0)
(0 0 0 0 0 0)
(0 0 0 0 0 0)
(0 0 0 0 0 0)
(0 0 0 0 0 0)
(0 0 0 0 0 0)
(0 0 0 0 0 0)
(0 0 0 0 0 0)
(0 0 0 0 0 0)
(0 0 0 0 0 0)
(0 0 0 0 0 0)
(0 0 0 0 0 0)
(0 0 0 0 0 0)
(0 0 0 0 0 0)
(0 0 0 0 0 0)
(0 0 0 0 0 0)
(0 0 0 0 0 0)
(0 0 0 0 0 0)
(0 0 0 0 0 0)
(0 0 0 0 0 0)
(0 0 0 0 0 0)
(0 0 0 0 0 0)
(0 0 0 0 0 0)
(0 0 0 0 0 0)
(0 0 0 0 0 0)
(0 0 0 0 0 0)
(0 0 0 0 0 0)
(0 0 0 0 0 0)
(0 0 0 0 0 0)
(0 0 0 0 0 0)
(0 0 0 0 0 0)
(0 0 0 0 0 0)
(0 0 0 0 0 0)
(0 0 0 0 0 0)
(0 0 0 0 0 0)
(0 0 0 0 0 0)
(0 0 0 0 0 0)
(0 0 0 0 0 0)
(0 0 0 0 0 0)
(0 0 0 0 0 0)
(0 0 0 0 0 0)
(0 0 0 0 0 0)
(0 0 0 0 0 0)
(0 0 0 0 0 0)
(0 0 0 0 0 0)
(0 0 0 0 0 0)
(0 0 0 0 0 0)
(0 0 0 0 0 0)
(0 0 0 0 0 0)
(0 0 0 0 0 0)
(0 0 0 0 0 0)
(0 0 0 0 0 0)
(0 0 0 0 0 0)
(0 0 0 0 0 0)
(0 0 0 0 0 0)
(0 0 0 0 0 0)
(0 0 0 0 0 0)
(0 0 0 0 0 0)
(0 0 0 0 0 0)
(0 0 0 0 0 0)
(0 0 0 0 0 0)
(0 0 0 0 0 0)
(0 0 0 0 0 0)
(0 0 0 0 0 0)
(0 0 0 0 0 0)
(0 0 0 0 0 0)
(0 0 0 0 0 0)
(0 0 0 0 0 0)
(0 0 0 0 0 0)
(0 0 0 0 0 0)
(0 0 0 0 0 0)
(0 0 0 0 0 0)
(0 0 0 0 0 0)
(0 0 0 0 0 0)
(0 0 0 0 0 0)
(0 0 0 0 0 0)
(0 0 0 0 0 0)
(0 0 0 0 0 0)
(0 0 0 0 0 0)
(0 0 0 0 0 0)
(0 0 0 0 0 0)
(0 0 0 0 0 0)
(0 0 0 0 0 0)
(0 0 0 0 0 0)
(0 0 0 0 0 0)
(0 0 0 0 0 0)
(0 0 0 0 0 0)
(0 0 0 0 0 0)
(0 0 0 0 0 0)
(0 0 0 0 0 0)
(0 0 0 0 0 0)
(0 0 0 0 0 0)
(0 0 0 0 0 0)
(0 0 0 0 0 0)
(0 0 0 0 0 0)
(0 0 0 0 0 0)
(0 0 0 0 0 0)
(0 0 0 0 0 0)
(0 0 0 0 0 0)
(0 0 0 0 0 0)
(0 0 0 0 0 0)
(0 0 0 0 0 0)
(0 0 0 0 0 0)
(0 0 0 0 0 0)
(0 0 0 0 0 0)
(0 0 0 0 0 0)
(0 0 0 0 0 0)
(0 0 0 0 0 0)
(0 0 0 0 0 0)
(0 0 0 0 0 0)
(0 0 0 0 0 0)
(0 0 0 0 0 0)
(0 0 0 0 0 0)
(0 0 0 0 0 0)
(0 0 0 0 0 0)
(0 0 0 0 0 0)
(0 0 0 0 0 0)
(0 0 0 0 0 0)
(0 0 0 0 0 0)
(0 0 0 0 0 0)
(0 0 0 0 0 0)
(0 0 0 0 0 0)
(0 0 0 0 0 0)
(0 0 0 0 0 0)
(0 0 0 0 0 0)
(0 0 0 0 0 0)
(0 0 0 0 0 0)
(0 0 0 0 0 0)
(0 0 0 0 0 0)
(0 0 0 0 0 0)
(0 0 0 0 0 0)
(0 0 0 0 0 0)
(0 0 0 0 0 0)
(0 0 0 0 0 0)
(0 0 0 0 0 0)
(0 0 0 0 0 0)
(0 0 0 0 0 0)
(0 0 0 0 0 0)
(0 0 0 0 0 0)
(0 0 0 0 0 0)
(0 0 0 0 0 0)
(0 0 0 0 0 0)
(0 0 0 0 0 0)
(0 0 0 0 0 0)
(0 0 0 0 0 0)
(0 0 0 0 0 0)
(0 0 0 0 0 0)
(0 0 0 0 0 0)
(0 0 0 0 0 0)
(0 0 0 0 0 0)
(0 0 0 0 0 0)
(0 0 0 0 0 0)
(0 0 0 0 0 0)
(0 0 0 0 0 0)
(0 0 0 0 0 0)
(0 0 0 0 0 0)
(0 0 0 0 0 0)
(0 0 0 0 0 0)
(0 0 0 0 0 0)
(0 0 0 0 0 0)
(0 0 0 0 0 0)
(0 0 0 0 0 0)
(0 0 0 0 0 0)
(0 0 0 0 0 0)
(0 0 0 0 0 0)
(0 0 0 0 0 0)
(0 0 0 0 0 0)
(0 0 0 0 0 0)
(0 0 0 0 0 0)
(0 0 0 0 0 0)
(0 0 0 0 0 0)
(0 0 0 0 0 0)
(0 0 0 0 0 0)
(0 0 0 0 0 0)
(0 0 0 0 0 0)
(0 0 0 0 0 0)
(0 0 0 0 0 0)
(0 0 0 0 0 0)
(0 0 0 0 0 0)
(0 0 0 0 0 0)
(0 0 0 0 0 0)
(0 0 0 0 0 0)
(0 0 0 0 0 0)
(0 0 0 0 0 0)
(0 0 0 0 0 0)
(0 0 0 0 0 0)
(0 0 0 0 0 0)
(0 0 0 0 0 0)
(0 0 0 0 0 0)
(0 0 0 0 0 0)
(0 0 0 0 0 0)
(0 0 0 0 0 0)
(0 0 0 0 0 0)
(0 0 0 0 0 0)
(0 0 0 0 0 0)
(0 0 0 0 0 0)
(0 0 0 0 0 0)
(0 0 0 0 0 0)
(0 0 0 0 0 0)
(0 0 0 0 0 0)
(0 0 0 0 0 0)
(0 0 0 0 0 0)
(0 0 0 0 0 0)
(0 0 0 0 0 0)
(0 0 0 0 0 0)
(0 0 0 0 0 0)
(0 0 0 0 0 0)
(0 0 0 0 0 0)
(0 0 0 0 0 0)
(0 0 0 0 0 0)
(0 0 0 0 0 0)
(0 0 0 0 0 0)
(0 0 0 0 0 0)
(0 0 0 0 0 0)
(0 0 0 0 0 0)
(0 0 0 0 0 0)
(0 0 0 0 0 0)
(0 0 0 0 0 0)
(0 0 0 0 0 0)
(0 0 0 0 0 0)
(0 0 0 0 0 0)
(0 0 0 0 0 0)
(0 0 0 0 0 0)
(0 0 0 0 0 0)
(0 0 0 0 0 0)
(0 0 0 0 0 0)
(0 0 0 0 0 0)
(0 0 0 0 0 0)
(0 0 0 0 0 0)
(0 0 0 0 0 0)
(0 0 0 0 0 0)
(0 0 0 0 0 0)
(0 0 0 0 0 0)
(0 0 0 0 0 0)
(0 0 0 0 0 0)
(0 0 0 0 0 0)
(0 0 0 0 0 0)
(0 0 0 0 0 0)
(0 0 0 0 0 0)
(0 0 0 0 0 0)
(0 0 0 0 0 0)
(0 0 0 0 0 0)
(0 0 0 0 0 0)
(0 0 0 0 0 0)
(0 0 0 0 0 0)
(0 0 0 0 0 0)
(0 0 0 0 0 0)
(0 0 0 0 0 0)
(0 0 0 0 0 0)
(0 0 0 0 0 0)
(0 0 0 0 0 0)
(0 0 0 0 0 0)
(0 0 0 0 0 0)
(0 0 0 0 0 0)
(0 0 0 0 0 0)
(0 0 0 0 0 0)
(0 0 0 0 0 0)
(0 0 0 0 0 0)
(0 0 0 0 0 0)
(0 0 0 0 0 0)
(0 0 0 0 0 0)
(0 0 0 0 0 0)
(0 0 0 0 0 0)
(0 0 0 0 0 0)
(0 0 0 0 0 0)
(0 0 0 0 0 0)
(0 0 0 0 0 0)
(0 0 0 0 0 0)
(0 0 0 0 0 0)
(0 0 0 0 0 0)
(0 0 0 0 0 0)
(0 0 0 0 0 0)
(0 0 0 0 0 0)
(0 0 0 0 0 0)
(0 0 0 0 0 0)
(0 0 0 0 0 0)
(0 0 0 0 0 0)
(0 0 0 0 0 0)
(0 0 0 0 0 0)
(0 0 0 0 0 0)
(0 0 0 0 0 0)
(0 0 0 0 0 0)
(0 0 0 0 0 0)
(0 0 0 0 0 0)
(0 0 0 0 0 0)
(0 0 0 0 0 0)
(0 0 0 0 0 0)
(0 0 0 0 0 0)
(0 0 0 0 0 0)
(0 0 0 0 0 0)
(0 0 0 0 0 0)
(0 0 0 0 0 0)
(0 0 0 0 0 0)
(0 0 0 0 0 0)
(0 0 0 0 0 0)
(0 0 0 0 0 0)
(0 0 0 0 0 0)
(0 0 0 0 0 0)
(0 0 0 0 0 0)
(0 0 0 0 0 0)
(0 0 0 0 0 0)
(0 0 0 0 0 0)
(0 0 0 0 0 0)
(0 0 0 0 0 0)
(0 0 0 0 0 0)
(0 0 0 0 0 0)
(0 0 0 0 0 0)
(0 0 0 0 0 0)
(0 0 0 0 0 0)
(0 0 0 0 0 0)
(0 0 0 0 0 0)
(0 0 0 0 0 0)
(0 0 0 0 0 0)
(0 0 0 0 0 0)
(0 0 0 0 0 0)
(0 0 0 0 0 0)
(0 0 0 0 0 0)
(0 0 0 0 0 0)
(0 0 0 0 0 0)
(0 0 0 0 0 0)
(0 0 0 0 0 0)
(0 0 0 0 0 0)
(0 0 0 0 0 0)
(0 0 0 0 0 0)
(0 0 0 0 0 0)
(0 0 0 0 0 0)
(0 0 0 0 0 0)
(0 0 0 0 0 0)
(0 0 0 0 0 0)
(0 0 0 0 0 0)
(0 0 0 0 0 0)
(0 0 0 0 0 0)
(0 0 0 0 0 0)
(0 0 0 0 0 0)
(0 0 0 0 0 0)
(0 0 0 0 0 0)
(0 0 0 0 0 0)
(0 0 0 0 0 0)
(0 0 0 0 0 0)
(0 0 0 0 0 0)
(0 0 0 0 0 0)
(0 0 0 0 0 0)
(0 0 0 0 0 0)
(0 0 0 0 0 0)
(0 0 0 0 0 0)
(0 0 0 0 0 0)
(0 0 0 0 0 0)
(0 0 0 0 0 0)
(0 0 0 0 0 0)
(0 0 0 0 0 0)
(0 0 0 0 0 0)
(0 0 0 0 0 0)
(0 0 0 0 0 0)
(0 0 0 0 0 0)
(0 0 0 0 0 0)
(0 0 0 0 0 0)
(0 0 0 0 0 0)
(0 0 0 0 0 0)
(0 0 0 0 0 0)
(0 0 0 0 0 0)
(0 0 0 0 0 0)
(0 0 0 0 0 0)
(0 0 0 0 0 0)
(0 0 0 0 0 0)
(0 0 0 0 0 0)
(0 0 0 0 0 0)
(0 0 0 0 0 0)
(0 0 0 0 0 0)
(0 0 0 0 0 0)
(0 0 0 0 0 0)
(0 0 0 0 0 0)
(0 0 0 0 0 0)
(0 0 0 0 0 0)
(0 0 0 0 0 0)
(0 0 0 0 0 0)
(0 0 0 0 0 0)
(0 0 0 0 0 0)
(0 0 0 0 0 0)
(0 0 0 0 0 0)
(0 0 0 0 0 0)
(0 0 0 0 0 0)
(0 0 0 0 0 0)
(0 0 0 0 0 0)
(0 0 0 0 0 0)
(0 0 0 0 0 0)
(0 0 0 0 0 0)
(0 0 0 0 0 0)
(0 0 0 0 0 0)
(0 0 0 0 0 0)
(0 0 0 0 0 0)
(0 0 0 0 0 0)
(0 0 0 0 0 0)
(0 0 0 0 0 0)
(0 0 0 0 0 0)
(0 0 0 0 0 0)
(0 0 0 0 0 0)
(0 0 0 0 0 0)
(0 0 0 0 0 0)
(0 0 0 0 0 0)
(0 0 0 0 0 0)
(0 0 0 0 0 0)
(0 0 0 0 0 0)
(0 0 0 0 0 0)
(0 0 0 0 0 0)
(0 0 0 0 0 0)
(0 0 0 0 0 0)
(0 0 0 0 0 0)
(0 0 0 0 0 0)
(0 0 0 0 0 0)
(0 0 0 0 0 0)
(0 0 0 0 0 0)
(0 0 0 0 0 0)
(0 0 0 0 0 0)
(0 0 0 0 0 0)
(0 0 0 0 0 0)
(0 0 0 0 0 0)
(0 0 0 0 0 0)
(0 0 0 0 0 0)
(0 0 0 0 0 0)
(0 0 0 0 0 0)
(0 0 0 0 0 0)
(0 0 0 0 0 0)
(0 0 0 0 0 0)
(0 0 0 0 0 0)
(0 0 0 0 0 0)
(0 0 0 0 0 0)
(0 0 0 0 0 0)
(0 0 0 0 0 0)
(0 0 0 0 0 0)
(0 0 0 0 0 0)
(0 0 0 0 0 0)
(0 0 0 0 0 0)
(0 0 0 0 0 0)
(0 0 0 0 0 0)
(0 0 0 0 0 0)
(0 0 0 0 0 0)
(0 0 0 0 0 0)
(0 0 0 0 0 0)
(0 0 0 0 0 0)
(0 0 0 0 0 0)
(0 0 0 0 0 0)
(0 0 0 0 0 0)
(0 0 0 0 0 0)
(0 0 0 0 0 0)
(0 0 0 0 0 0)
(0 0 0 0 0 0)
(0 0 0 0 0 0)
(0 0 0 0 0 0)
(0 0 0 0 0 0)
(0 0 0 0 0 0)
(0 0 0 0 0 0)
(0 0 0 0 0 0)
(0 0 0 0 0 0)
(0 0 0 0 0 0)
(0 0 0 0 0 0)
(0 0 0 0 0 0)
(0 0 0 0 0 0)
(0 0 0 0 0 0)
(0 0 0 0 0 0)
(0 0 0 0 0 0)
(0 0 0 0 0 0)
(0 0 0 0 0 0)
(0 0 0 0 0 0)
(0 0 0 0 0 0)
(0 0 0 0 0 0)
(0 0 0 0 0 0)
(0 0 0 0 0 0)
(0 0 0 0 0 0)
(0 0 0 0 0 0)
(0 0 0 0 0 0)
(0 0 0 0 0 0)
(0 0 0 0 0 0)
(0 0 0 0 0 0)
(0 0 0 0 0 0)
(0 0 0 0 0 0)
(0 0 0 0 0 0)
(0 0 0 0 0 0)
(0 0 0 0 0 0)
(0 0 0 0 0 0)
(0 0 0 0 0 0)
(0 0 0 0 0 0)
(0 0 0 0 0 0)
(0 0 0 0 0 0)
(0 0 0 0 0 0)
(0 0 0 0 0 0)
(0 0 0 0 0 0)
(0 0 0 0 0 0)
(0 0 0 0 0 0)
(0 0 0 0 0 0)
(0 0 0 0 0 0)
(0 0 0 0 0 0)
(0 0 0 0 0 0)
(0 0 0 0 0 0)
(0 0 0 0 0 0)
(0 0 0 0 0 0)
(0 0 0 0 0 0)
(0 0 0 0 0 0)
(0 0 0 0 0 0)
(0 0 0 0 0 0)
(0 0 0 0 0 0)
(0 0 0 0 0 0)
(0 0 0 0 0 0)
(0 0 0 0 0 0)
(0 0 0 0 0 0)
(0 0 0 0 0 0)
(0 0 0 0 0 0)
(0 0 0 0 0 0)
(0 0 0 0 0 0)
(0 0 0 0 0 0)
(0 0 0 0 0 0)
(0 0 0 0 0 0)
(0 0 0 0 0 0)
(0 0 0 0 0 0)
(0 0 0 0 0 0)
(0 0 0 0 0 0)
(0 0 0 0 0 0)
(0 0 0 0 0 0)
(0 0 0 0 0 0)
(0 0 0 0 0 0)
(0 0 0 0 0 0)
(0 0 0 0 0 0)
(0 0 0 0 0 0)
(0 0 0 0 0 0)
(0 0 0 0 0 0)
(0 0 0 0 0 0)
(0 0 0 0 0 0)
(0 0 0 0 0 0)
(0 0 0 0 0 0)
(0 0 0 0 0 0)
(0 0 0 0 0 0)
(0 0 0 0 0 0)
(0 0 0 0 0 0)
(0 0 0 0 0 0)
(0 0 0 0 0 0)
(0 0 0 0 0 0)
(0 0 0 0 0 0)
(0 0 0 0 0 0)
(0 0 0 0 0 0)
(0 0 0 0 0 0)
(0 0 0 0 0 0)
(0 0 0 0 0 0)
(0 0 0 0 0 0)
(0 0 0 0 0 0)
(0 0 0 0 0 0)
(0 0 0 0 0 0)
(0 0 0 0 0 0)
(0 0 0 0 0 0)
(0 0 0 0 0 0)
(0 0 0 0 0 0)
(0 0 0 0 0 0)
(0 0 0 0 0 0)
(0 0 0 0 0 0)
(0 0 0 0 0 0)
(0 0 0 0 0 0)
(0 0 0 0 0 0)
(0 0 0 0 0 0)
(0 0 0 0 0 0)
(0 0 0 0 0 0)
(0 0 0 0 0 0)
(0 0 0 0 0 0)
(0 0 0 0 0 0)
(0 0 0 0 0 0)
(0 0 0 0 0 0)
(0 0 0 0 0 0)
(0 0 0 0 0 0)
(0 0 0 0 0 0)
(0 0 0 0 0 0)
(0 0 0 0 0 0)
(0 0 0 0 0 0)
(0 0 0 0 0 0)
(0 0 0 0 0 0)
(0 0 0 0 0 0)
(0 0 0 0 0 0)
(0 0 0 0 0 0)
(0 0 0 0 0 0)
(0 0 0 0 0 0)
(0 0 0 0 0 0)
(0 0 0 0 0 0)
(0 0 0 0 0 0)
(0 0 0 0 0 0)
(0 0 0 0 0 0)
(0 0 0 0 0 0)
(0 0 0 0 0 0)
(0 0 0 0 0 0)
(0 0 0 0 0 0)
(0 0 0 0 0 0)
(0 0 0 0 0 0)
(0 0 0 0 0 0)
(0 0 0 0 0 0)
(0 0 0 0 0 0)
(0 0 0 0 0 0)
(0 0 0 0 0 0)
(0 0 0 0 0 0)
(0 0 0 0 0 0)
(0 0 0 0 0 0)
(0 0 0 0 0 0)
(0 0 0 0 0 0)
(0 0 0 0 0 0)
(0 0 0 0 0 0)
(0 0 0 0 0 0)
(0 0 0 0 0 0)
(0 0 0 0 0 0)
(0 0 0 0 0 0)
(0 0 0 0 0 0)
(0 0 0 0 0 0)
(0 0 0 0 0 0)
(0 0 0 0 0 0)
(0 0 0 0 0 0)
(0 0 0 0 0 0)
(0 0 0 0 0 0)
(0 0 0 0 0 0)
(0 0 0 0 0 0)
(0 0 0 0 0 0)
(0 0 0 0 0 0)
(0 0 0 0 0 0)
(0 0 0 0 0 0)
(0 0 0 0 0 0)
(0 0 0 0 0 0)
(0 0 0 0 0 0)
(0 0 0 0 0 0)
(0 0 0 0 0 0)
(0 0 0 0 0 0)
(0 0 0 0 0 0)
(0 0 0 0 0 0)
(0 0 0 0 0 0)
(0 0 0 0 0 0)
(0 0 0 0 0 0)
(0 0 0 0 0 0)
(0 0 0 0 0 0)
(0 0 0 0 0 0)
(0 0 0 0 0 0)
(0 0 0 0 0 0)
(0 0 0 0 0 0)
(0 0 0 0 0 0)
(0 0 0 0 0 0)
(0 0 0 0 0 0)
(0 0 0 0 0 0)
(0 0 0 0 0 0)
(0 0 0 0 0 0)
(0 0 0 0 0 0)
(0 0 0 0 0 0)
(0 0 0 0 0 0)
(0 0 0 0 0 0)
(0 0 0 0 0 0)
(0 0 0 0 0 0)
(0 0 0 0 0 0)
(0 0 0 0 0 0)
(0 0 0 0 0 0)
(0 0 0 0 0 0)
(0 0 0 0 0 0)
(0 0 0 0 0 0)
(0 0 0 0 0 0)
(0 0 0 0 0 0)
(0 0 0 0 0 0)
(0 0 0 0 0 0)
(0 0 0 0 0 0)
(0 0 0 0 0 0)
(0 0 0 0 0 0)
(0 0 0 0 0 0)
(0 0 0 0 0 0)
(0 0 0 0 0 0)
(0 0 0 0 0 0)
(0 0 0 0 0 0)
(0 0 0 0 0 0)
(0 0 0 0 0 0)
(0 0 0 0 0 0)
(0 0 0 0 0 0)
(0 0 0 0 0 0)
(0 0 0 0 0 0)
(0 0 0 0 0 0)
(0 0 0 0 0 0)
(0 0 0 0 0 0)
(0 0 0 0 0 0)
(0 0 0 0 0 0)
(0 0 0 0 0 0)
(0 0 0 0 0 0)
(0 0 0 0 0 0)
(0 0 0 0 0 0)
(0 0 0 0 0 0)
(0 0 0 0 0 0)
(0 0 0 0 0 0)
(0 0 0 0 0 0)
(0 0 0 0 0 0)
(0 0 0 0 0 0)
(0 0 0 0 0 0)
(0 0 0 0 0 0)
(0 0 0 0 0 0)
(0 0 0 0 0 0)
(0 0 0 0 0 0)
(0 0 0 0 0 0)
(0 0 0 0 0 0)
(0 0 0 0 0 0)
(0 0 0 0 0 0)
(0 0 0 0 0 0)
(0 0 0 0 0 0)
(0 0 0 0 0 0)
(0 0 0 0 0 0)
(0 0 0 0 0 0)
(0 0 0 0 0 0)
(0 0 0 0 0 0)
(0 0 0 0 0 0)
(0 0 0 0 0 0)
(0 0 0 0 0 0)
(0 0 0 0 0 0)
(0 0 0 0 0 0)
(0 0 0 0 0 0)
(0 0 0 0 0 0)
(0 0 0 0 0 0)
(0 0 0 0 0 0)
(0 0 0 0 0 0)
(0 0 0 0 0 0)
(0 0 0 0 0 0)
(0 0 0 0 0 0)
(0 0 0 0 0 0)
(0 0 0 0 0 0)
(0 0 0 0 0 0)
(0 0 0 0 0 0)
(0 0 0 0 0 0)
(0 0 0 0 0 0)
(0 0 0 0 0 0)
(0 0 0 0 0 0)
(0 0 0 0 0 0)
(0 0 0 0 0 0)
(0 0 0 0 0 0)
(0 0 0 0 0 0)
(0 0 0 0 0 0)
(0 0 0 0 0 0)
(0 0 0 0 0 0)
(0 0 0 0 0 0)
(0 0 0 0 0 0)
(0 0 0 0 0 0)
(0 0 0 0 0 0)
(0 0 0 0 0 0)
(0 0 0 0 0 0)
(0 0 0 0 0 0)
(0 0 0 0 0 0)
(0 0 0 0 0 0)
(0 0 0 0 0 0)
(0 0 0 0 0 0)
(0 0 0 0 0 0)
(0 0 0 0 0 0)
(0 0 0 0 0 0)
(0 0 0 0 0 0)
(0 0 0 0 0 0)
(0 0 0 0 0 0)
(0 0 0 0 0 0)
(0 0 0 0 0 0)
(0 0 0 0 0 0)
(0 0 0 0 0 0)
(0 0 0 0 0 0)
(0 0 0 0 0 0)
(0 0 0 0 0 0)
(0 0 0 0 0 0)
(0 0 0 0 0 0)
(0 0 0 0 0 0)
(0 0 0 0 0 0)
(0 0 0 0 0 0)
(0 0 0 0 0 0)
(0 0 0 0 0 0)
(0 0 0 0 0 0)
(0 0 0 0 0 0)
(0 0 0 0 0 0)
(0 0 0 0 0 0)
(0 0 0 0 0 0)
(0 0 0 0 0 0)
(0 0 0 0 0 0)
(0 0 0 0 0 0)
(0 0 0 0 0 0)
(0 0 0 0 0 0)
(0 0 0 0 0 0)
(0 0 0 0 0 0)
(0 0 0 0 0 0)
(0 0 0 0 0 0)
(0 0 0 0 0 0)
(0 0 0 0 0 0)
(0 0 0 0 0 0)
(0 0 0 0 0 0)
(0 0 0 0 0 0)
(0 0 0 0 0 0)
(0 0 0 0 0 0)
(0 0 0 0 0 0)
(0 0 0 0 0 0)
(0 0 0 0 0 0)
(0 0 0 0 0 0)
(0 0 0 0 0 0)
(0 0 0 0 0 0)
(0 0 0 0 0 0)
(0 0 0 0 0 0)
(0 0 0 0 0 0)
(0 0 0 0 0 0)
(0 0 0 0 0 0)
(0 0 0 0 0 0)
(0 0 0 0 0 0)
(0 0 0 0 0 0)
(0 0 0 0 0 0)
(0 0 0 0 0 0)
(0 0 0 0 0 0)
(0 0 0 0 0 0)
(0 0 0 0 0 0)
(0 0 0 0 0 0)
(0 0 0 0 0 0)
(0 0 0 0 0 0)
(0 0 0 0 0 0)
(0 0 0 0 0 0)
(0 0 0 0 0 0)
(0 0 0 0 0 0)
(0 0 0 0 0 0)
(0 0 0 0 0 0)
(0 0 0 0 0 0)
(0 0 0 0 0 0)
(0 0 0 0 0 0)
(0 0 0 0 0 0)
(0 0 0 0 0 0)
(0 0 0 0 0 0)
(0 0 0 0 0 0)
(0 0 0 0 0 0)
(0 0 0 0 0 0)
(0 0 0 0 0 0)
(0 0 0 0 0 0)
(0 0 0 0 0 0)
(0 0 0 0 0 0)
(0 0 0 0 0 0)
(0 0 0 0 0 0)
(0 0 0 0 0 0)
(0 0 0 0 0 0)
(0 0 0 0 0 0)
(0 0 0 0 0 0)
(0 0 0 0 0 0)
(0 0 0 0 0 0)
(0 0 0 0 0 0)
(0 0 0 0 0 0)
(0 0 0 0 0 0)
(0 0 0 0 0 0)
(0 0 0 0 0 0)
(0 0 0 0 0 0)
(0 0 0 0 0 0)
(0 0 0 0 0 0)
(0 0 0 0 0 0)
(0 0 0 0 0 0)
(0 0 0 0 0 0)
(0 0 0 0 0 0)
(0 0 0 0 0 0)
(0 0 0 0 0 0)
(0 0 0 0 0 0)
(0 0 0 0 0 0)
(0 0 0 0 0 0)
(0 0 0 0 0 0)
(0 0 0 0 0 0)
(0 0 0 0 0 0)
(0 0 0 0 0 0)
(0 0 0 0 0 0)
(0 0 0 0 0 0)
(0 0 0 0 0 0)
(0 0 0 0 0 0)
(0 0 0 0 0 0)
(0 0 0 0 0 0)
(0 0 0 0 0 0)
(0 0 0 0 0 0)
(0 0 0 0 0 0)
(0 0 0 0 0 0)
(0 0 0 0 0 0)
(0 0 0 0 0 0)
(0 0 0 0 0 0)
(0 0 0 0 0 0)
(0 0 0 0 0 0)
(0 0 0 0 0 0)
(0 0 0 0 0 0)
(0 0 0 0 0 0)
(0 0 0 0 0 0)
(0 0 0 0 0 0)
(0 0 0 0 0 0)
(0 0 0 0 0 0)
(0 0 0 0 0 0)
(0 0 0 0 0 0)
(0 0 0 0 0 0)
(0 0 0 0 0 0)
(0 0 0 0 0 0)
(0 0 0 0 0 0)
(0 0 0 0 0 0)
(0 0 0 0 0 0)
(0 0 0 0 0 0)
(0 0 0 0 0 0)
(0 0 0 0 0 0)
(0 0 0 0 0 0)
(0 0 0 0 0 0)
(0 0 0 0 0 0)
(0 0 0 0 0 0)
(0 0 0 0 0 0)
(0 0 0 0 0 0)
(0 0 0 0 0 0)
(0 0 0 0 0 0)
(0 0 0 0 0 0)
(0 0 0 0 0 0)
(0 0 0 0 0 0)
(0 0 0 0 0 0)
(0 0 0 0 0 0)
(0 0 0 0 0 0)
(0 0 0 0 0 0)
(0 0 0 0 0 0)
(0 0 0 0 0 0)
(0 0 0 0 0 0)
(0 0 0 0 0 0)
(0 0 0 0 0 0)
(0 0 0 0 0 0)
(0 0 0 0 0 0)
(0 0 0 0 0 0)
(0 0 0 0 0 0)
(0 0 0 0 0 0)
(0 0 0 0 0 0)
(0 0 0 0 0 0)
(0 0 0 0 0 0)
(0 0 0 0 0 0)
(0 0 0 0 0 0)
(0 0 0 0 0 0)
(0 0 0 0 0 0)
(0 0 0 0 0 0)
(0 0 0 0 0 0)
(0 0 0 0 0 0)
(0 0 0 0 0 0)
(0 0 0 0 0 0)
(0 0 0 0 0 0)
(0 0 0 0 0 0)
(0 0 0 0 0 0)
(0 0 0 0 0 0)
(0 0 0 0 0 0)
(0 0 0 0 0 0)
(0 0 0 0 0 0)
(0 0 0 0 0 0)
(0 0 0 0 0 0)
(0 0 0 0 0 0)
(0 0 0 0 0 0)
(0 0 0 0 0 0)
(0 0 0 0 0 0)
(0 0 0 0 0 0)
(0 0 0 0 0 0)
(0 0 0 0 0 0)
(0 0 0 0 0 0)
(0 0 0 0 0 0)
(0 0 0 0 0 0)
(0 0 0 0 0 0)
(0 0 0 0 0 0)
(0 0 0 0 0 0)
(0 0 0 0 0 0)
(0 0 0 0 0 0)
(0 0 0 0 0 0)
(0 0 0 0 0 0)
(0 0 0 0 0 0)
(0 0 0 0 0 0)
(0 0 0 0 0 0)
(0 0 0 0 0 0)
(0 0 0 0 0 0)
(0 0 0 0 0 0)
(0 0 0 0 0 0)
(0 0 0 0 0 0)
(0 0 0 0 0 0)
(0 0 0 0 0 0)
(0 0 0 0 0 0)
(0 0 0 0 0 0)
(0 0 0 0 0 0)
(0 0 0 0 0 0)
(0 0 0 0 0 0)
(0 0 0 0 0 0)
(0 0 0 0 0 0)
(0 0 0 0 0 0)
(0 0 0 0 0 0)
(0 0 0 0 0 0)
(0 0 0 0 0 0)
(0 0 0 0 0 0)
(0 0 0 0 0 0)
(0 0 0 0 0 0)
(0 0 0 0 0 0)
(0 0 0 0 0 0)
(0 0 0 0 0 0)
(0 0 0 0 0 0)
(0 0 0 0 0 0)
(0 0 0 0 0 0)
(0 0 0 0 0 0)
(0 0 0 0 0 0)
(0 0 0 0 0 0)
(0 0 0 0 0 0)
(0 0 0 0 0 0)
(0 0 0 0 0 0)
(0 0 0 0 0 0)
(0 0 0 0 0 0)
(0 0 0 0 0 0)
(0 0 0 0 0 0)
(0 0 0 0 0 0)
(0 0 0 0 0 0)
(0 0 0 0 0 0)
(0 0 0 0 0 0)
(0 0 0 0 0 0)
(0 0 0 0 0 0)
(0 0 0 0 0 0)
(0 0 0 0 0 0)
(0 0 0 0 0 0)
(0 0 0 0 0 0)
(0 0 0 0 0 0)
(0 0 0 0 0 0)
(0 0 0 0 0 0)
(0 0 0 0 0 0)
(0 0 0 0 0 0)
(0 0 0 0 0 0)
(0 0 0 0 0 0)
(0 0 0 0 0 0)
(0 0 0 0 0 0)
(0 0 0 0 0 0)
(0 0 0 0 0 0)
(0 0 0 0 0 0)
(0 0 0 0 0 0)
(0 0 0 0 0 0)
(0 0 0 0 0 0)
(0 0 0 0 0 0)
(0 0 0 0 0 0)
(0 0 0 0 0 0)
(0 0 0 0 0 0)
(0 0 0 0 0 0)
(0 0 0 0 0 0)
(0 0 0 0 0 0)
(0 0 0 0 0 0)
(0 0 0 0 0 0)
(0 0 0 0 0 0)
(0 0 0 0 0 0)
(0 0 0 0 0 0)
(0 0 0 0 0 0)
(0 0 0 0 0 0)
(0 0 0 0 0 0)
(0 0 0 0 0 0)
(0 0 0 0 0 0)
(0 0 0 0 0 0)
(0 0 0 0 0 0)
(0 0 0 0 0 0)
(0 0 0 0 0 0)
(0 0 0 0 0 0)
(0 0 0 0 0 0)
(0 0 0 0 0 0)
(0 0 0 0 0 0)
(0 0 0 0 0 0)
(0 0 0 0 0 0)
(0 0 0 0 0 0)
(0 0 0 0 0 0)
(0 0 0 0 0 0)
(0 0 0 0 0 0)
(0 0 0 0 0 0)
(0 0 0 0 0 0)
(0 0 0 0 0 0)
(0 0 0 0 0 0)
(0 0 0 0 0 0)
(0 0 0 0 0 0)
(0 0 0 0 0 0)
(0 0 0 0 0 0)
(0 0 0 0 0 0)
(0 0 0 0 0 0)
(0 0 0 0 0 0)
(0 0 0 0 0 0)
(0 0 0 0 0 0)
(0 0 0 0 0 0)
(0 0 0 0 0 0)
(0 0 0 0 0 0)
(0 0 0 0 0 0)
(0 0 0 0 0 0)
(0 0 0 0 0 0)
(0 0 0 0 0 0)
(0 0 0 0 0 0)
(0 0 0 0 0 0)
(0 0 0 0 0 0)
(0 0 0 0 0 0)
(0 0 0 0 0 0)
(0 0 0 0 0 0)
(0 0 0 0 0 0)
(0 0 0 0 0 0)
(0 0 0 0 0 0)
(0 0 0 0 0 0)
(0 0 0 0 0 0)
(0 0 0 0 0 0)
(0 0 0 0 0 0)
(0 0 0 0 0 0)
(0 0 0 0 0 0)
(0 0 0 0 0 0)
(0 0 0 0 0 0)
(0 0 0 0 0 0)
(0 0 0 0 0 0)
(0 0 0 0 0 0)
(0 0 0 0 0 0)
(0 0 0 0 0 0)
(0 0 0 0 0 0)
(0 0 0 0 0 0)
(0 0 0 0 0 0)
(0 0 0 0 0 0)
(0 0 0 0 0 0)
(0 0 0 0 0 0)
(0 0 0 0 0 0)
(0 0 0 0 0 0)
(0 0 0 0 0 0)
(0 0 0 0 0 0)
(0 0 0 0 0 0)
(0 0 0 0 0 0)
(0 0 0 0 0 0)
(0 0 0 0 0 0)
(0 0 0 0 0 0)
(0 0 0 0 0 0)
(0 0 0 0 0 0)
(0 0 0 0 0 0)
(0 0 0 0 0 0)
(0 0 0 0 0 0)
(0 0 0 0 0 0)
(0 0 0 0 0 0)
(0 0 0 0 0 0)
(0 0 0 0 0 0)
(0 0 0 0 0 0)
(0 0 0 0 0 0)
(0 0 0 0 0 0)
(0 0 0 0 0 0)
(0 0 0 0 0 0)
(0 0 0 0 0 0)
(0 0 0 0 0 0)
(0 0 0 0 0 0)
(0 0 0 0 0 0)
(0 0 0 0 0 0)
(0 0 0 0 0 0)
(0 0 0 0 0 0)
(0 0 0 0 0 0)
(0 0 0 0 0 0)
(0 0 0 0 0 0)
(0 0 0 0 0 0)
(0 0 0 0 0 0)
(0 0 0 0 0 0)
(0 0 0 0 0 0)
(0 0 0 0 0 0)
(0 0 0 0 0 0)
(0 0 0 0 0 0)
(0 0 0 0 0 0)
(0 0 0 0 0 0)
(0 0 0 0 0 0)
(0 0 0 0 0 0)
(0 0 0 0 0 0)
(0 0 0 0 0 0)
(0 0 0 0 0 0)
(0 0 0 0 0 0)
(0 0 0 0 0 0)
(0 0 0 0 0 0)
(0 0 0 0 0 0)
(0 0 0 0 0 0)
(0 0 0 0 0 0)
(0 0 0 0 0 0)
(0 0 0 0 0 0)
(0 0 0 0 0 0)
(0 0 0 0 0 0)
(0 0 0 0 0 0)
(0 0 0 0 0 0)
(0 0 0 0 0 0)
(0 0 0 0 0 0)
(0 0 0 0 0 0)
(0 0 0 0 0 0)
(0 0 0 0 0 0)
(0 0 0 0 0 0)
(0 0 0 0 0 0)
(0 0 0 0 0 0)
(0 0 0 0 0 0)
(0 0 0 0 0 0)
(0 0 0 0 0 0)
(0 0 0 0 0 0)
(0 0 0 0 0 0)
(0 0 0 0 0 0)
(0 0 0 0 0 0)
(0 0 0 0 0 0)
(0 0 0 0 0 0)
(0 0 0 0 0 0)
(0 0 0 0 0 0)
(0 0 0 0 0 0)
(0 0 0 0 0 0)
(0 0 0 0 0 0)
(0 0 0 0 0 0)
(0 0 0 0 0 0)
(0 0 0 0 0 0)
(0 0 0 0 0 0)
(0 0 0 0 0 0)
(0 0 0 0 0 0)
(0 0 0 0 0 0)
(0 0 0 0 0 0)
(0 0 0 0 0 0)
(0 0 0 0 0 0)
(0 0 0 0 0 0)
(0 0 0 0 0 0)
(0 0 0 0 0 0)
(0 0 0 0 0 0)
(0 0 0 0 0 0)
(0 0 0 0 0 0)
(0 0 0 0 0 0)
(0 0 0 0 0 0)
(0 0 0 0 0 0)
(0 0 0 0 0 0)
(0 0 0 0 0 0)
(0 0 0 0 0 0)
(0 0 0 0 0 0)
(0 0 0 0 0 0)
(0 0 0 0 0 0)
(0 0 0 0 0 0)
(0 0 0 0 0 0)
(0 0 0 0 0 0)
(0 0 0 0 0 0)
(0 0 0 0 0 0)
(0 0 0 0 0 0)
(0 0 0 0 0 0)
(0 0 0 0 0 0)
(0 0 0 0 0 0)
(0 0 0 0 0 0)
(0 0 0 0 0 0)
(0 0 0 0 0 0)
(0 0 0 0 0 0)
(0 0 0 0 0 0)
(0 0 0 0 0 0)
(0 0 0 0 0 0)
(0 0 0 0 0 0)
(0 0 0 0 0 0)
(0 0 0 0 0 0)
(0 0 0 0 0 0)
(0 0 0 0 0 0)
(0 0 0 0 0 0)
(0 0 0 0 0 0)
(0 0 0 0 0 0)
(0 0 0 0 0 0)
(0 0 0 0 0 0)
(0 0 0 0 0 0)
(0 0 0 0 0 0)
(0 0 0 0 0 0)
(0 0 0 0 0 0)
(0 0 0 0 0 0)
(0 0 0 0 0 0)
(0 0 0 0 0 0)
(0 0 0 0 0 0)
(0 0 0 0 0 0)
(0 0 0 0 0 0)
(0 0 0 0 0 0)
(0 0 0 0 0 0)
(0 0 0 0 0 0)
(0 0 0 0 0 0)
(0 0 0 0 0 0)
(0 0 0 0 0 0)
(0 0 0 0 0 0)
(0 0 0 0 0 0)
(0 0 0 0 0 0)
(0 0 0 0 0 0)
(0 0 0 0 0 0)
(0 0 0 0 0 0)
(0 0 0 0 0 0)
(0 0 0 0 0 0)
(0 0 0 0 0 0)
(0 0 0 0 0 0)
(0 0 0 0 0 0)
(0 0 0 0 0 0)
(0 0 0 0 0 0)
(0 0 0 0 0 0)
(0 0 0 0 0 0)
(0 0 0 0 0 0)
(0 0 0 0 0 0)
(0 0 0 0 0 0)
(0 0 0 0 0 0)
(0 0 0 0 0 0)
(0 0 0 0 0 0)
(0 0 0 0 0 0)
(0 0 0 0 0 0)
(0 0 0 0 0 0)
(0 0 0 0 0 0)
(0 0 0 0 0 0)
(0 0 0 0 0 0)
(0 0 0 0 0 0)
(0 0 0 0 0 0)
(0 0 0 0 0 0)
(0 0 0 0 0 0)
(0 0 0 0 0 0)
(0 0 0 0 0 0)
(0 0 0 0 0 0)
(0 0 0 0 0 0)
(0 0 0 0 0 0)
(0 0 0 0 0 0)
(0 0 0 0 0 0)
(0 0 0 0 0 0)
(0 0 0 0 0 0)
(0 0 0 0 0 0)
(0 0 0 0 0 0)
(0 0 0 0 0 0)
(0 0 0 0 0 0)
(0 0 0 0 0 0)
(0 0 0 0 0 0)
(0 0 0 0 0 0)
(0 0 0 0 0 0)
(0 0 0 0 0 0)
(0 0 0 0 0 0)
(0 0 0 0 0 0)
(0 0 0 0 0 0)
(0 0 0 0 0 0)
(0 0 0 0 0 0)
(0 0 0 0 0 0)
(0 0 0 0 0 0)
(0 0 0 0 0 0)
(0 0 0 0 0 0)
(0 0 0 0 0 0)
(0 0 0 0 0 0)
(0 0 0 0 0 0)
(0 0 0 0 0 0)
(0 0 0 0 0 0)
(0 0 0 0 0 0)
(0 0 0 0 0 0)
(0 0 0 0 0 0)
(0 0 0 0 0 0)
(0 0 0 0 0 0)
(0 0 0 0 0 0)
(0 0 0 0 0 0)
(0 0 0 0 0 0)
(0 0 0 0 0 0)
(0 0 0 0 0 0)
(0 0 0 0 0 0)
(0 0 0 0 0 0)
(0 0 0 0 0 0)
(0 0 0 0 0 0)
(0 0 0 0 0 0)
(0 0 0 0 0 0)
(0 0 0 0 0 0)
(0 0 0 0 0 0)
(0 0 0 0 0 0)
(0 0 0 0 0 0)
(0 0 0 0 0 0)
(0 0 0 0 0 0)
(0 0 0 0 0 0)
(0 0 0 0 0 0)
(0 0 0 0 0 0)
(0 0 0 0 0 0)
(0 0 0 0 0 0)
(0 0 0 0 0 0)
(0 0 0 0 0 0)
(0 0 0 0 0 0)
(0 0 0 0 0 0)
(0 0 0 0 0 0)
(0 0 0 0 0 0)
(0 0 0 0 0 0)
(0 0 0 0 0 0)
(0 0 0 0 0 0)
(0 0 0 0 0 0)
(0 0 0 0 0 0)
(0 0 0 0 0 0)
(0 0 0 0 0 0)
(0 0 0 0 0 0)
(0 0 0 0 0 0)
(0 0 0 0 0 0)
(0 0 0 0 0 0)
(0 0 0 0 0 0)
(0 0 0 0 0 0)
(0 0 0 0 0 0)
(0 0 0 0 0 0)
(0 0 0 0 0 0)
(0 0 0 0 0 0)
(0 0 0 0 0 0)
(0 0 0 0 0 0)
(0 0 0 0 0 0)
(0 0 0 0 0 0)
(0 0 0 0 0 0)
(0 0 0 0 0 0)
(0 0 0 0 0 0)
(0 0 0 0 0 0)
(0 0 0 0 0 0)
(0 0 0 0 0 0)
(0 0 0 0 0 0)
(0 0 0 0 0 0)
(0 0 0 0 0 0)
(0 0 0 0 0 0)
(0 0 0 0 0 0)
(0 0 0 0 0 0)
(0 0 0 0 0 0)
(0 0 0 0 0 0)
(0 0 0 0 0 0)
(0 0 0 0 0 0)
(0 0 0 0 0 0)
(0 0 0 0 0 0)
(0 0 0 0 0 0)
(0 0 0 0 0 0)
(0 0 0 0 0 0)
(0 0 0 0 0 0)
(0 0 0 0 0 0)
(0 0 0 0 0 0)
(0 0 0 0 0 0)
(0 0 0 0 0 0)
(0 0 0 0 0 0)
(0 0 0 0 0 0)
(0 0 0 0 0 0)
(0 0 0 0 0 0)
(0 0 0 0 0 0)
(0 0 0 0 0 0)
(0 0 0 0 0 0)
(0 0 0 0 0 0)
(0 0 0 0 0 0)
(0 0 0 0 0 0)
(0 0 0 0 0 0)
(0 0 0 0 0 0)
(0 0 0 0 0 0)
(0 0 0 0 0 0)
(0 0 0 0 0 0)
(0 0 0 0 0 0)
(0 0 0 0 0 0)
(0 0 0 0 0 0)
(0 0 0 0 0 0)
(0 0 0 0 0 0)
(0 0 0 0 0 0)
(0 0 0 0 0 0)
(0 0 0 0 0 0)
(0 0 0 0 0 0)
(0 0 0 0 0 0)
(0 0 0 0 0 0)
(0 0 0 0 0 0)
(0 0 0 0 0 0)
(0 0 0 0 0 0)
(0 0 0 0 0 0)
(0 0 0 0 0 0)
(0 0 0 0 0 0)
(0 0 0 0 0 0)
(0 0 0 0 0 0)
(0 0 0 0 0 0)
(0 0 0 0 0 0)
(0 0 0 0 0 0)
(0 0 0 0 0 0)
(0 0 0 0 0 0)
(0 0 0 0 0 0)
(0 0 0 0 0 0)
(0 0 0 0 0 0)
(0 0 0 0 0 0)
(0 0 0 0 0 0)
(0 0 0 0 0 0)
(0 0 0 0 0 0)
(0 0 0 0 0 0)
(0 0 0 0 0 0)
(0 0 0 0 0 0)
(0 0 0 0 0 0)
(0 0 0 0 0 0)
(0 0 0 0 0 0)
(0 0 0 0 0 0)
(0 0 0 0 0 0)
(0 0 0 0 0 0)
(0 0 0 0 0 0)
(0 0 0 0 0 0)
(0 0 0 0 0 0)
(0 0 0 0 0 0)
(0 0 0 0 0 0)
(0 0 0 0 0 0)
(0 0 0 0 0 0)
(0 0 0 0 0 0)
(0 0 0 0 0 0)
(0 0 0 0 0 0)
(0 0 0 0 0 0)
(0 0 0 0 0 0)
(0 0 0 0 0 0)
(0 0 0 0 0 0)
(0 0 0 0 0 0)
(0 0 0 0 0 0)
(0 0 0 0 0 0)
(0 0 0 0 0 0)
(0 0 0 0 0 0)
(0 0 0 0 0 0)
(0 0 0 0 0 0)
(0 0 0 0 0 0)
(0 0 0 0 0 0)
(0 0 0 0 0 0)
(0 0 0 0 0 0)
(0 0 0 0 0 0)
(0 0 0 0 0 0)
(0 0 0 0 0 0)
(0 0 0 0 0 0)
(0 0 0 0 0 0)
(0 0 0 0 0 0)
(0 0 0 0 0 0)
(0 0 0 0 0 0)
(0 0 0 0 0 0)
(0 0 0 0 0 0)
(0 0 0 0 0 0)
(0 0 0 0 0 0)
(0 0 0 0 0 0)
(0 0 0 0 0 0)
(0 0 0 0 0 0)
(0 0 0 0 0 0)
(0 0 0 0 0 0)
(0 0 0 0 0 0)
(0 0 0 0 0 0)
(0 0 0 0 0 0)
(0 0 0 0 0 0)
(0 0 0 0 0 0)
(0 0 0 0 0 0)
(0 0 0 0 0 0)
(0 0 0 0 0 0)
(0 0 0 0 0 0)
(0 0 0 0 0 0)
(0 0 0 0 0 0)
(0 0 0 0 0 0)
(0 0 0 0 0 0)
(0 0 0 0 0 0)
(0 0 0 0 0 0)
(0 0 0 0 0 0)
(0 0 0 0 0 0)
(0 0 0 0 0 0)
(0 0 0 0 0 0)
(0 0 0 0 0 0)
(0 0 0 0 0 0)
(0 0 0 0 0 0)
(0 0 0 0 0 0)
(0 0 0 0 0 0)
(0 0 0 0 0 0)
(0 0 0 0 0 0)
(0 0 0 0 0 0)
(0 0 0 0 0 0)
(0 0 0 0 0 0)
(0 0 0 0 0 0)
(0 0 0 0 0 0)
(0 0 0 0 0 0)
(0 0 0 0 0 0)
(0 0 0 0 0 0)
(0 0 0 0 0 0)
(0 0 0 0 0 0)
(0 0 0 0 0 0)
(0 0 0 0 0 0)
(0 0 0 0 0 0)
(0 0 0 0 0 0)
(0 0 0 0 0 0)
(0 0 0 0 0 0)
(0 0 0 0 0 0)
(0 0 0 0 0 0)
(0 0 0 0 0 0)
(0 0 0 0 0 0)
(0 0 0 0 0 0)
(0 0 0 0 0 0)
(0 0 0 0 0 0)
(0 0 0 0 0 0)
(0 0 0 0 0 0)
(0 0 0 0 0 0)
(0 0 0 0 0 0)
(0 0 0 0 0 0)
(0 0 0 0 0 0)
(0 0 0 0 0 0)
(0 0 0 0 0 0)
(0 0 0 0 0 0)
(0 0 0 0 0 0)
(0 0 0 0 0 0)
(0 0 0 0 0 0)
(0 0 0 0 0 0)
(0 0 0 0 0 0)
(0 0 0 0 0 0)
(0 0 0 0 0 0)
(0 0 0 0 0 0)
(0 0 0 0 0 0)
(0 0 0 0 0 0)
(0 0 0 0 0 0)
(0 0 0 0 0 0)
(0 0 0 0 0 0)
(0 0 0 0 0 0)
(0 0 0 0 0 0)
(0 0 0 0 0 0)
(0 0 0 0 0 0)
(0 0 0 0 0 0)
(0 0 0 0 0 0)
(0 0 0 0 0 0)
(0 0 0 0 0 0)
(0 0 0 0 0 0)
(0 0 0 0 0 0)
(0 0 0 0 0 0)
(0 0 0 0 0 0)
(0 0 0 0 0 0)
(0 0 0 0 0 0)
(0 0 0 0 0 0)
(0 0 0 0 0 0)
(0 0 0 0 0 0)
(0 0 0 0 0 0)
(0 0 0 0 0 0)
(0 0 0 0 0 0)
(0 0 0 0 0 0)
(0 0 0 0 0 0)
(0 0 0 0 0 0)
(0 0 0 0 0 0)
(0 0 0 0 0 0)
(0 0 0 0 0 0)
(0 0 0 0 0 0)
(0 0 0 0 0 0)
(0 0 0 0 0 0)
(0 0 0 0 0 0)
(0 0 0 0 0 0)
(0 0 0 0 0 0)
(0 0 0 0 0 0)
(0 0 0 0 0 0)
(0 0 0 0 0 0)
(0 0 0 0 0 0)
(0 0 0 0 0 0)
(0 0 0 0 0 0)
(0 0 0 0 0 0)
(0 0 0 0 0 0)
(0 0 0 0 0 0)
(0 0 0 0 0 0)
(0 0 0 0 0 0)
(0 0 0 0 0 0)
(0 0 0 0 0 0)
(0 0 0 0 0 0)
(0 0 0 0 0 0)
(0 0 0 0 0 0)
(0 0 0 0 0 0)
(0 0 0 0 0 0)
(0 0 0 0 0 0)
(0 0 0 0 0 0)
(0 0 0 0 0 0)
(0 0 0 0 0 0)
(0 0 0 0 0 0)
(0 0 0 0 0 0)
(0 0 0 0 0 0)
(0 0 0 0 0 0)
(0 0 0 0 0 0)
(0 0 0 0 0 0)
(0 0 0 0 0 0)
(0 0 0 0 0 0)
(0 0 0 0 0 0)
(0 0 0 0 0 0)
(0 0 0 0 0 0)
(0 0 0 0 0 0)
(0 0 0 0 0 0)
(0 0 0 0 0 0)
(0 0 0 0 0 0)
(0 0 0 0 0 0)
(0 0 0 0 0 0)
(0 0 0 0 0 0)
(0 0 0 0 0 0)
(0 0 0 0 0 0)
(0 0 0 0 0 0)
(0 0 0 0 0 0)
(0 0 0 0 0 0)
(0 0 0 0 0 0)
(0 0 0 0 0 0)
(0 0 0 0 0 0)
(0 0 0 0 0 0)
(0 0 0 0 0 0)
(0 0 0 0 0 0)
(0 0 0 0 0 0)
(0 0 0 0 0 0)
(0 0 0 0 0 0)
(0 0 0 0 0 0)
(0 0 0 0 0 0)
(0 0 0 0 0 0)
(0 0 0 0 0 0)
(0 0 0 0 0 0)
(0 0 0 0 0 0)
(0 0 0 0 0 0)
(0 0 0 0 0 0)
(0 0 0 0 0 0)
(0 0 0 0 0 0)
(0 0 0 0 0 0)
(0 0 0 0 0 0)
(0 0 0 0 0 0)
(0 0 0 0 0 0)
(0 0 0 0 0 0)
(0 0 0 0 0 0)
(0 0 0 0 0 0)
(0 0 0 0 0 0)
(0 0 0 0 0 0)
(0 0 0 0 0 0)
(0 0 0 0 0 0)
(0 0 0 0 0 0)
(0 0 0 0 0 0)
(0 0 0 0 0 0)
(0 0 0 0 0 0)
(0 0 0 0 0 0)
(0 0 0 0 0 0)
(0 0 0 0 0 0)
(0 0 0 0 0 0)
(0 0 0 0 0 0)
(0 0 0 0 0 0)
(0 0 0 0 0 0)
(0 0 0 0 0 0)
(0 0 0 0 0 0)
(0 0 0 0 0 0)
(0 0 0 0 0 0)
(0 0 0 0 0 0)
(0 0 0 0 0 0)
(0 0 0 0 0 0)
(0 0 0 0 0 0)
(0 0 0 0 0 0)
(0 0 0 0 0 0)
(0 0 0 0 0 0)
(0 0 0 0 0 0)
(0 0 0 0 0 0)
(0 0 0 0 0 0)
(0 0 0 0 0 0)
(0 0 0 0 0 0)
(0 0 0 0 0 0)
(0 0 0 0 0 0)
(0 0 0 0 0 0)
(0 0 0 0 0 0)
(0 0 0 0 0 0)
(0 0 0 0 0 0)
(0 0 0 0 0 0)
(0 0 0 0 0 0)
(0 0 0 0 0 0)
(0 0 0 0 0 0)
(0 0 0 0 0 0)
(0 0 0 0 0 0)
(0 0 0 0 0 0)
(0 0 0 0 0 0)
(0 0 0 0 0 0)
(0 0 0 0 0 0)
(0 0 0 0 0 0)
(0 0 0 0 0 0)
(0 0 0 0 0 0)
(0 0 0 0 0 0)
(0 0 0 0 0 0)
(0 0 0 0 0 0)
(0 0 0 0 0 0)
(0 0 0 0 0 0)
(0 0 0 0 0 0)
(0 0 0 0 0 0)
(0 0 0 0 0 0)
(0 0 0 0 0 0)
(0 0 0 0 0 0)
(0 0 0 0 0 0)
(0 0 0 0 0 0)
(0 0 0 0 0 0)
(0 0 0 0 0 0)
(0 0 0 0 0 0)
(0 0 0 0 0 0)
(0 0 0 0 0 0)
(0 0 0 0 0 0)
(0 0 0 0 0 0)
(0 0 0 0 0 0)
(0 0 0 0 0 0)
(0 0 0 0 0 0)
(0 0 0 0 0 0)
(0 0 0 0 0 0)
(0 0 0 0 0 0)
(0 0 0 0 0 0)
(0 0 0 0 0 0)
(0 0 0 0 0 0)
(0 0 0 0 0 0)
(0 0 0 0 0 0)
(0 0 0 0 0 0)
(0 0 0 0 0 0)
(0 0 0 0 0 0)
(0 0 0 0 0 0)
(0 0 0 0 0 0)
(0 0 0 0 0 0)
(0 0 0 0 0 0)
(0 0 0 0 0 0)
(0 0 0 0 0 0)
(0 0 0 0 0 0)
(0 0 0 0 0 0)
(0 0 0 0 0 0)
(0 0 0 0 0 0)
(0 0 0 0 0 0)
(0 0 0 0 0 0)
(0 0 0 0 0 0)
(0 0 0 0 0 0)
(0 0 0 0 0 0)
(0 0 0 0 0 0)
(0 0 0 0 0 0)
(0 0 0 0 0 0)
(0 0 0 0 0 0)
(0 0 0 0 0 0)
(0 0 0 0 0 0)
(0 0 0 0 0 0)
(0 0 0 0 0 0)
(0 0 0 0 0 0)
(0 0 0 0 0 0)
(0 0 0 0 0 0)
(0 0 0 0 0 0)
(0 0 0 0 0 0)
(0 0 0 0 0 0)
(0 0 0 0 0 0)
(0 0 0 0 0 0)
(0 0 0 0 0 0)
(0 0 0 0 0 0)
(0 0 0 0 0 0)
(0 0 0 0 0 0)
(0 0 0 0 0 0)
(0 0 0 0 0 0)
(0 0 0 0 0 0)
(0 0 0 0 0 0)
(0 0 0 0 0 0)
(0 0 0 0 0 0)
(0 0 0 0 0 0)
(0 0 0 0 0 0)
(0 0 0 0 0 0)
(0 0 0 0 0 0)
(0 0 0 0 0 0)
(0 0 0 0 0 0)
(0 0 0 0 0 0)
(0 0 0 0 0 0)
(0 0 0 0 0 0)
(0 0 0 0 0 0)
)
;

boundaryField
{
    low
    {
        type            calculated;
        value           nonuniform List<symmTensor> 
49
(
(0 0 0 -386.298 0 0)
(0 0 0 -387.687 0 0)
(0 0 0 -389.089 0 0)
(0 0 0 -390.503 0 0)
(0 0 0 -391.93 0 0)
(0 0 0 -393.371 0 0)
(0 0 0 -394.825 0 0)
(0 0 0 -396.293 0 0)
(0 0 0 -397.775 0 0)
(0 0 0 -399.272 0 0)
(0 0 0 -400.783 0 0)
(0 0 0 -402.308 0 0)
(0 0 0 -403.849 0 0)
(0 0 0 -405.405 0 0)
(0 0 0 -406.976 0 0)
(0 0 0 -408.564 0 0)
(0 0 0 -410.167 0 0)
(0 0 0 -411.787 0 0)
(0 0 0 -413.424 0 0)
(0 0 0 -415.078 0 0)
(0 0 0 -416.75 0 0)
(0 0 0 -418.439 0 0)
(0 0 0 -420.146 0 0)
(0 0 0 -421.872 0 0)
(0 0 0 -423.617 0 0)
(0 0 0 -425.38 0 0)
(0 0 0 -427.164 0 0)
(0 0 0 -428.967 0 0)
(0 0 0 -430.791 0 0)
(0 0 0 -432.635 0 0)
(0 0 0 -434.501 0 0)
(0 0 0 -436.388 0 0)
(0 0 0 -438.297 0 0)
(0 0 0 -440.228 0 0)
(0 0 0 -442.183 0 0)
(0 0 0 -444.161 0 0)
(0 0 0 -446.162 0 0)
(0 0 0 -448.189 0 0)
(0 0 0 -450.239 0 0)
(0 0 0 -452.316 0 0)
(0 0 0 -454.418 0 0)
(0 0 0 -456.547 0 0)
(0 0 0 -458.702 0 0)
(0 0 0 -460.886 0 0)
(0 0 0 -463.097 0 0)
(0 0 0 -465.337 0 0)
(0 0 0 -467.607 0 0)
(0 0 0 -469.906 0 0)
(0 0 0 -472.236 0 0)
)
;
    }
    left
    {
        type            calculated;
        value           nonuniform List<symmTensor> 
77
(
(0 15.2426 0 -188.075 0 0)
(0 0 0 0 0 0)
(0 0 0 0 0 0)
(0 0 0 0 0 0)
(0 0 0 0 0 0)
(0 0 0 0 0 0)
(0 0 0 0 0 0)
(0 0 0 0 0 0)
(0 0 0 0 0 0)
(0 0 0 0 0 0)
(0 0 0 0 0 0)
(0 0 0 0 0 0)
(0 0 0 0 0 0)
(0 0 0 0 0 0)
(0 0 0 0 0 0)
(0 0 0 0 0 0)
(0 0 0 0 0 0)
(0 0 0 0 0 0)
(0 0 0 0 0 0)
(0 0 0 0 0 0)
(0 0 0 0 0 0)
(0 0 0 0 0 0)
(0 0 0 0 0 0)
(0 0 0 0 0 0)
(0 0 0 0 0 0)
(0 0 0 0 0 0)
(0 0 0 0 0 0)
(0 0 0 0 0 0)
(0 0 0 0 0 0)
(0 0 0 0 0 0)
(0 0 0 0 0 0)
(0 0 0 0 0 0)
(0 0 0 0 0 0)
(0 0 0 0 0 0)
(0 0 0 0 0 0)
(0 0 0 0 0 0)
(0 0 0 0 0 0)
(0 0 0 0 0 0)
(0 0 0 0 0 0)
(0 0 0 0 0 0)
(0 0 0 0 0 0)
(0 0 0 0 0 0)
(0 0 0 0 0 0)
(0 0 0 0 0 0)
(0 0 0 0 0 0)
(0 0 0 0 0 0)
(0 0 0 0 0 0)
(0 0 0 0 0 0)
(0 0 0 0 0 0)
(0 0 0 0 0 0)
(0 0 0 0 0 0)
(0 0 0 0 0 0)
(0 0 0 0 0 0)
(0 0 0 0 0 0)
(0 0 0 0 0 0)
(0 0 0 0 0 0)
(0 0 0 0 0 0)
(0 0 0 0 0 0)
(0 0 0 0 0 0)
(0 0 0 0 0 0)
(0 0 0 0 0 0)
(0 0 0 0 0 0)
(0 0 0 0 0 0)
(0 0 0 0 0 0)
(0 0 0 0 0 0)
(0 0 0 0 0 0)
(0 0 0 0 0 0)
(0 0 0 0 0 0)
(0 0 0 0 0 0)
(0 0 0 0 0 0)
(0 0 0 0 0 0)
(0 0 0 0 0 0)
(0 0 0 0 0 0)
(0 0 0 0 0 0)
(0 0 0 0 0 0)
(0 0 0 0 0 0)
(0 0 0 0 0 0)
)
;
    }
    rifht
    {
        type            calculated;
        value           nonuniform List<symmTensor> 
77
(
(0 7.51822 0 -234.961 0 0)
(0 0 0 0 0 0)
(0 0 0 0 0 0)
(0 0 0 0 0 0)
(0 0 0 0 0 0)
(0 0 0 0 0 0)
(0 0 0 0 0 0)
(0 0 0 0 0 0)
(0 0 0 0 0 0)
(0 0 0 0 0 0)
(0 0 0 0 0 0)
(0 0 0 0 0 0)
(0 0 0 0 0 0)
(0 0 0 0 0 0)
(0 0 0 0 0 0)
(0 0 0 0 0 0)
(0 0 0 0 0 0)
(0 0 0 0 0 0)
(0 0 0 0 0 0)
(0 0 0 0 0 0)
(0 0 0 0 0 0)
(0 0 0 0 0 0)
(0 0 0 0 0 0)
(0 0 0 0 0 0)
(0 0 0 0 0 0)
(0 0 0 0 0 0)
(0 0 0 0 0 0)
(0 0 0 0 0 0)
(0 0 0 0 0 0)
(0 0 0 0 0 0)
(0 0 0 0 0 0)
(0 0 0 0 0 0)
(0 0 0 0 0 0)
(0 0 0 0 0 0)
(0 0 0 0 0 0)
(0 0 0 0 0 0)
(0 0 0 0 0 0)
(0 0 0 0 0 0)
(0 0 0 0 0 0)
(0 0 0 0 0 0)
(0 0 0 0 0 0)
(0 0 0 0 0 0)
(0 0 0 0 0 0)
(0 0 0 0 0 0)
(0 0 0 0 0 0)
(0 0 0 0 0 0)
(0 0 0 0 0 0)
(0 0 0 0 0 0)
(0 0 0 0 0 0)
(0 0 0 0 0 0)
(0 0 0 0 0 0)
(0 0 0 0 0 0)
(0 0 0 0 0 0)
(0 0 0 0 0 0)
(0 0 0 0 0 0)
(0 0 0 0 0 0)
(0 0 0 0 0 0)
(0 0 0 0 0 0)
(0 0 0 0 0 0)
(0 0 0 0 0 0)
(0 0 0 0 0 0)
(0 0 0 0 0 0)
(0 0 0 0 0 0)
(0 0 0 0 0 0)
(0 0 0 0 0 0)
(0 0 0 0 0 0)
(0 0 0 0 0 0)
(0 0 0 0 0 0)
(0 0 0 0 0 0)
(0 0 0 0 0 0)
(0 0 0 0 0 0)
(0 0 0 0 0 0)
(0 0 0 0 0 0)
(0 0 0 0 0 0)
(0 0 0 0 0 0)
(0 0 0 0 0 0)
(0 0 0 0 0 0)
)
;
    }
    up
    {
        type            calculated;
        value           uniform (0 0 0 0 0 0);
    }
    frontAndBackPlanes
    {
        type            empty;
    }
}


// ************************************************************************* //
