/*--------------------------------*- C++ -*----------------------------------*\
  =========                 |
  \\      /  F ield         | OpenFOAM: The Open Source CFD Toolbox
   \\    /   O peration     | Website:  https://openfoam.org
    \\  /    A nd           | Version:  6
     \\/     M anipulation  |
\*---------------------------------------------------------------------------*/
FoamFile
{
    version     2.0;
    format      ascii;
    class       faceList;
    location    "constant/polyMesh";
    object      faces;
}
// * * * * * * * * * * * * * * * * * * * * * * * * * * * * * * * * * * * * * //


527
(
4(3 153 152 2)
4(3 1 151 153)
4(5 155 154 4)
4(3 153 155 5)
4(7 157 156 6)
4(5 155 157 7)
4(9 159 158 8)
4(7 157 159 9)
4(11 161 160 10)
4(9 159 161 11)
4(11 161 163 13)
4(13 163 162 12)
4(3 15 165 153)
4(14 164 165 15)
4(5 16 166 155)
4(15 165 166 16)
4(7 17 167 157)
4(16 166 167 17)
4(9 18 168 159)
4(17 167 168 18)
4(11 19 169 161)
4(18 168 169 19)
4(19 169 170 20)
4(13 20 170 163)
4(15 22 172 165)
4(21 171 172 22)
4(16 23 173 166)
4(22 172 173 23)
4(17 24 174 167)
4(23 173 174 24)
4(18 25 175 168)
4(24 174 175 25)
4(19 26 176 169)
4(25 175 176 26)
4(26 176 177 27)
4(20 27 177 170)
4(22 29 179 172)
4(28 178 179 29)
4(23 30 180 173)
4(29 179 180 30)
4(24 31 181 174)
4(30 180 181 31)
4(25 32 182 175)
4(31 181 182 32)
4(26 33 183 176)
4(32 182 183 33)
4(33 183 184 34)
4(27 34 184 177)
4(29 36 186 179)
4(35 185 186 36)
4(30 37 187 180)
4(36 186 187 37)
4(31 38 188 181)
4(37 187 188 38)
4(32 39 189 182)
4(38 188 189 39)
4(33 40 190 183)
4(39 189 190 40)
4(40 190 191 41)
4(34 41 191 184)
4(36 43 193 186)
4(42 192 193 43)
4(37 44 194 187)
4(43 193 194 44)
4(38 45 195 188)
4(44 194 195 45)
4(39 46 196 189)
4(45 195 196 46)
4(40 47 197 190)
4(46 196 197 47)
4(47 197 198 48)
4(41 48 198 191)
4(43 50 200 193)
4(49 199 200 50)
4(44 51 201 194)
4(50 200 201 51)
4(45 52 202 195)
4(51 201 202 52)
4(46 53 203 196)
4(52 202 203 53)
4(47 54 204 197)
4(53 203 204 54)
4(54 204 205 55)
4(48 55 205 198)
4(50 57 207 200)
4(56 206 207 57)
4(51 58 208 201)
4(57 207 208 58)
4(52 59 209 202)
4(58 208 209 59)
4(53 60 210 203)
4(59 209 210 60)
4(54 61 211 204)
4(60 210 211 61)
4(61 211 212 62)
4(55 62 212 205)
4(57 64 214 207)
4(58 65 215 208)
4(59 66 216 209)
4(60 67 217 210)
4(61 68 218 211)
4(62 69 219 212)
4(71 221 220 70)
4(13 163 221 71)
4(73 223 222 72)
4(71 221 223 73)
4(75 225 224 74)
4(73 223 225 75)
4(75 225 227 77)
4(77 227 226 76)
4(78 228 221 71)
4(20 170 228 78)
4(73 79 229 223)
4(78 228 229 79)
4(75 80 230 225)
4(79 229 230 80)
4(80 230 231 81)
4(77 81 231 227)
4(82 232 228 78)
4(27 177 232 82)
4(79 83 233 229)
4(82 232 233 83)
4(80 84 234 230)
4(83 233 234 84)
4(84 234 235 85)
4(81 85 235 231)
4(86 236 232 82)
4(34 184 236 86)
4(83 87 237 233)
4(86 236 237 87)
4(84 88 238 234)
4(87 237 238 88)
4(88 238 239 89)
4(85 89 239 235)
4(90 240 236 86)
4(41 191 240 90)
4(87 91 241 237)
4(90 240 241 91)
4(88 92 242 238)
4(91 241 242 92)
4(92 242 243 93)
4(89 93 243 239)
4(94 244 240 90)
4(48 198 244 94)
4(91 95 245 241)
4(94 244 245 95)
4(92 96 246 242)
4(95 245 246 96)
4(96 246 247 97)
4(93 97 247 243)
4(98 248 244 94)
4(55 205 248 98)
4(95 99 249 245)
4(98 248 249 99)
4(96 100 250 246)
4(99 249 250 100)
4(100 250 251 101)
4(97 101 251 247)
4(102 252 248 98)
4(62 212 252 102)
4(99 103 253 249)
4(102 252 253 103)
4(100 104 254 250)
4(103 253 254 104)
4(104 254 255 105)
4(101 105 255 251)
4(106 256 252 102)
4(103 107 257 253)
4(104 108 258 254)
4(105 109 259 255)
4(111 261 260 110)
4(77 227 261 111)
4(113 263 262 112)
4(111 261 263 113)
4(115 265 264 114)
4(113 263 265 115)
4(115 265 267 117)
4(118 268 261 111)
4(81 231 268 118)
4(113 119 269 263)
4(118 268 269 119)
4(115 120 270 265)
4(119 269 270 120)
4(120 270 271 121)
4(122 272 268 118)
4(85 235 272 122)
4(119 123 273 269)
4(122 272 273 123)
4(120 124 274 270)
4(123 273 274 124)
4(124 274 275 125)
4(126 276 272 122)
4(89 239 276 126)
4(123 127 277 273)
4(126 276 277 127)
4(124 128 278 274)
4(127 277 278 128)
4(128 278 279 129)
4(130 280 276 126)
4(93 243 280 130)
4(127 131 281 277)
4(130 280 281 131)
4(128 132 282 278)
4(131 281 282 132)
4(132 282 283 133)
4(134 284 280 130)
4(97 247 284 134)
4(131 135 285 281)
4(134 284 285 135)
4(132 136 286 282)
4(135 285 286 136)
4(136 286 287 137)
4(138 288 284 134)
4(101 251 288 138)
4(135 139 289 285)
4(138 288 289 139)
4(136 140 290 286)
4(139 289 290 140)
4(140 290 291 141)
4(142 292 288 138)
4(105 255 292 142)
4(139 143 293 289)
4(142 292 293 143)
4(140 144 294 290)
4(143 293 294 144)
4(144 294 295 145)
4(146 296 292 142)
4(143 147 297 293)
4(144 148 298 294)
4(1 0 150 151)
4(1 151 164 14)
4(14 164 171 21)
4(21 171 178 28)
4(28 178 185 35)
4(35 185 192 42)
4(42 192 199 49)
4(49 199 206 56)
4(56 206 213 63)
4(2 152 150 0)
4(2 4 154 152)
4(4 6 156 154)
4(6 8 158 156)
4(8 10 160 158)
4(10 12 162 160)
4(12 70 220 162)
4(70 72 222 220)
4(72 74 224 222)
4(74 76 226 224)
4(76 110 260 226)
4(110 112 262 260)
4(112 114 264 262)
4(114 116 266 264)
4(63 213 214 64)
4(64 214 215 65)
4(65 215 216 66)
4(66 216 217 67)
4(67 217 218 68)
4(68 218 219 69)
4(69 219 256 106)
4(106 256 257 107)
4(107 257 258 108)
4(108 258 259 109)
4(109 259 296 146)
4(146 296 297 147)
4(147 297 298 148)
4(148 298 299 149)
4(117 267 266 116)
4(117 121 271 267)
4(121 125 275 271)
4(125 129 279 275)
4(129 133 283 279)
4(133 137 287 283)
4(137 141 291 287)
4(141 145 295 291)
4(145 149 299 295)
4(3 2 0 1)
4(153 151 150 152)
4(3 5 4 2)
4(153 152 154 155)
4(5 7 6 4)
4(155 154 156 157)
4(7 9 8 6)
4(157 156 158 159)
4(9 11 10 8)
4(159 158 160 161)
4(11 13 12 10)
4(161 160 162 163)
4(1 14 15 3)
4(151 153 165 164)
4(3 15 16 5)
4(153 155 166 165)
4(5 16 17 7)
4(155 157 167 166)
4(7 17 18 9)
4(157 159 168 167)
4(9 18 19 11)
4(159 161 169 168)
4(11 19 20 13)
4(161 163 170 169)
4(14 21 22 15)
4(164 165 172 171)
4(15 22 23 16)
4(165 166 173 172)
4(16 23 24 17)
4(166 167 174 173)
4(17 24 25 18)
4(167 168 175 174)
4(18 25 26 19)
4(168 169 176 175)
4(19 26 27 20)
4(169 170 177 176)
4(21 28 29 22)
4(171 172 179 178)
4(22 29 30 23)
4(172 173 180 179)
4(23 30 31 24)
4(173 174 181 180)
4(24 31 32 25)
4(174 175 182 181)
4(25 32 33 26)
4(175 176 183 182)
4(26 33 34 27)
4(176 177 184 183)
4(28 35 36 29)
4(178 179 186 185)
4(29 36 37 30)
4(179 180 187 186)
4(30 37 38 31)
4(180 181 188 187)
4(31 38 39 32)
4(181 182 189 188)
4(32 39 40 33)
4(182 183 190 189)
4(33 40 41 34)
4(183 184 191 190)
4(35 42 43 36)
4(185 186 193 192)
4(36 43 44 37)
4(186 187 194 193)
4(37 44 45 38)
4(187 188 195 194)
4(38 45 46 39)
4(188 189 196 195)
4(39 46 47 40)
4(189 190 197 196)
4(40 47 48 41)
4(190 191 198 197)
4(42 49 50 43)
4(192 193 200 199)
4(43 50 51 44)
4(193 194 201 200)
4(44 51 52 45)
4(194 195 202 201)
4(45 52 53 46)
4(195 196 203 202)
4(46 53 54 47)
4(196 197 204 203)
4(47 54 55 48)
4(197 198 205 204)
4(49 56 57 50)
4(199 200 207 206)
4(50 57 58 51)
4(200 201 208 207)
4(51 58 59 52)
4(201 202 209 208)
4(52 59 60 53)
4(202 203 210 209)
4(53 60 61 54)
4(203 204 211 210)
4(54 61 62 55)
4(204 205 212 211)
4(56 63 64 57)
4(206 207 214 213)
4(57 64 65 58)
4(207 208 215 214)
4(58 65 66 59)
4(208 209 216 215)
4(59 66 67 60)
4(209 210 217 216)
4(60 67 68 61)
4(210 211 218 217)
4(61 68 69 62)
4(211 212 219 218)
4(13 71 70 12)
4(163 162 220 221)
4(71 73 72 70)
4(221 220 222 223)
4(73 75 74 72)
4(223 222 224 225)
4(75 77 76 74)
4(225 224 226 227)
4(20 78 71 13)
4(170 163 221 228)
4(71 78 79 73)
4(221 223 229 228)
4(73 79 80 75)
4(223 225 230 229)
4(75 80 81 77)
4(225 227 231 230)
4(27 82 78 20)
4(177 170 228 232)
4(78 82 83 79)
4(228 229 233 232)
4(79 83 84 80)
4(229 230 234 233)
4(80 84 85 81)
4(230 231 235 234)
4(34 86 82 27)
4(184 177 232 236)
4(82 86 87 83)
4(232 233 237 236)
4(83 87 88 84)
4(233 234 238 237)
4(84 88 89 85)
4(234 235 239 238)
4(41 90 86 34)
4(191 184 236 240)
4(86 90 91 87)
4(236 237 241 240)
4(87 91 92 88)
4(237 238 242 241)
4(88 92 93 89)
4(238 239 243 242)
4(48 94 90 41)
4(198 191 240 244)
4(90 94 95 91)
4(240 241 245 244)
4(91 95 96 92)
4(241 242 246 245)
4(92 96 97 93)
4(242 243 247 246)
4(55 98 94 48)
4(205 198 244 248)
4(94 98 99 95)
4(244 245 249 248)
4(95 99 100 96)
4(245 246 250 249)
4(96 100 101 97)
4(246 247 251 250)
4(62 102 98 55)
4(212 205 248 252)
4(98 102 103 99)
4(248 249 253 252)
4(99 103 104 100)
4(249 250 254 253)
4(100 104 105 101)
4(250 251 255 254)
4(69 106 102 62)
4(219 212 252 256)
4(102 106 107 103)
4(252 253 257 256)
4(103 107 108 104)
4(253 254 258 257)
4(104 108 109 105)
4(254 255 259 258)
4(77 111 110 76)
4(227 226 260 261)
4(111 113 112 110)
4(261 260 262 263)
4(113 115 114 112)
4(263 262 264 265)
4(115 117 116 114)
4(265 264 266 267)
4(81 118 111 77)
4(231 227 261 268)
4(111 118 119 113)
4(261 263 269 268)
4(113 119 120 115)
4(263 265 270 269)
4(115 120 121 117)
4(265 267 271 270)
4(85 122 118 81)
4(235 231 268 272)
4(118 122 123 119)
4(268 269 273 272)
4(119 123 124 120)
4(269 270 274 273)
4(120 124 125 121)
4(270 271 275 274)
4(89 126 122 85)
4(239 235 272 276)
4(122 126 127 123)
4(272 273 277 276)
4(123 127 128 124)
4(273 274 278 277)
4(124 128 129 125)
4(274 275 279 278)
4(93 130 126 89)
4(243 239 276 280)
4(126 130 131 127)
4(276 277 281 280)
4(127 131 132 128)
4(277 278 282 281)
4(128 132 133 129)
4(278 279 283 282)
4(97 134 130 93)
4(247 243 280 284)
4(130 134 135 131)
4(280 281 285 284)
4(131 135 136 132)
4(281 282 286 285)
4(132 136 137 133)
4(282 283 287 286)
4(101 138 134 97)
4(251 247 284 288)
4(134 138 139 135)
4(284 285 289 288)
4(135 139 140 136)
4(285 286 290 289)
4(136 140 141 137)
4(286 287 291 290)
4(105 142 138 101)
4(255 251 288 292)
4(138 142 143 139)
4(288 289 293 292)
4(139 143 144 140)
4(289 290 294 293)
4(140 144 145 141)
4(290 291 295 294)
4(109 146 142 105)
4(259 255 292 296)
4(142 146 147 143)
4(292 293 297 296)
4(143 147 148 144)
4(293 294 298 297)
4(144 148 149 145)
4(294 295 299 298)
)


// ************************************************************************* //
