/*--------------------------------*- C++ -*----------------------------------*\
  =========                 |
  \\      /  F ield         | OpenFOAM: The Open Source CFD Toolbox
   \\    /   O peration     | Website:  https://openfoam.org
    \\  /    A nd           | Version:  6
     \\/     M anipulation  |
\*---------------------------------------------------------------------------*/
FoamFile
{
    version     2.0;
    format      ascii;
    class       labelList;
    note        "nPoints:300  nCells:126  nFaces:527  nInternalFaces:229";
    location    "constant/polyMesh";
    object      neighbour;
}
// * * * * * * * * * * * * * * * * * * * * * * * * * * * * * * * * * * * * * //


229
(
1
6
2
7
3
8
4
9
5
10
11
54
7
12
8
13
9
14
10
15
11
16
17
58
13
18
14
19
15
20
16
21
17
22
23
62
19
24
20
25
21
26
22
27
23
28
29
66
25
30
26
31
27
32
28
33
29
34
35
70
31
36
32
37
33
38
34
39
35
40
41
74
37
42
38
43
39
44
40
45
41
46
47
78
43
48
44
49
45
50
46
51
47
52
53
82
49
50
51
52
53
86
55
58
56
59
57
60
61
90
59
62
60
63
61
64
65
94
63
66
64
67
65
68
69
98
67
70
68
71
69
72
73
102
71
74
72
75
73
76
77
106
75
78
76
79
77
80
81
110
79
82
80
83
81
84
85
114
83
86
84
87
85
88
89
118
87
88
89
122
91
94
92
95
93
96
97
95
98
96
99
97
100
101
99
102
100
103
101
104
105
103
106
104
107
105
108
109
107
110
108
111
109
112
113
111
114
112
115
113
116
117
115
118
116
119
117
120
121
119
122
120
123
121
124
125
123
124
125
)


// ************************************************************************* //
