/*--------------------------------*- C++ -*----------------------------------*\
  =========                 |
  \\      /  F ield         | OpenFOAM: The Open Source CFD Toolbox
   \\    /   O peration     | Website:  https://openfoam.org
    \\  /    A nd           | Version:  6
     \\/     M anipulation  |
\*---------------------------------------------------------------------------*/
FoamFile
{
    version     2.0;
    format      ascii;
    class       vectorField;
    location    "constant/polyMesh";
    object      points;
}
// * * * * * * * * * * * * * * * * * * * * * * * * * * * * * * * * * * * * * //


300
(
(0 0 0.004786280504)
(0.02222222222 0 0.004786280504)
(-0.001756892438 0.02875523306 0.004786280504)
(0.02073987041 0.02817041631 0.004786280504)
(-0.001958348128 0.05756338719 0.004786280504)
(0.02099220635 0.0563526524 0.004786280504)
(-0.004261119649 0.08628001755 0.004786280504)
(0.01929005387 0.08446726498 0.004786280504)
(-0.007749183579 0.1148769319 0.004786280504)
(0.01602876815 0.1124947706 0.004786280504)
(-0.0137836373 0.1430466081 0.004786280504)
(0.01051117583 0.1401433026 0.004786280504)
(-0.02913377214 0.1674255505 0.004786280504)
(-0.002329700113 0.1642955871 0.004786280504)
(0.04444444444 0 0.004786280504)
(0.04323890563 0.02757948437 0.004786280504)
(0.04394726978 0.05512952399 0.004786280504)
(0.04284798859 0.08263568531 0.004786280504)
(0.03981555694 0.110087206 0.004786280504)
(0.03481698246 0.1372078953 0.004786280504)
(0.02448889953 0.1611268909 0.004786280504)
(0.06666666667 0 0.004786280504)
(0.06573989038 0.02698180665 0.004786280504)
(0.06690619178 0.05389275385 0.004786280504)
(0.06641169743 0.08078342527 0.004786280504)
(0.06360986648 0.1076517909 0.004786280504)
(0.05913212227 0.1342373547 0.004786280504)
(0.05131989574 0.157915839 0.004786280504)
(0.08888888889 0 0.004786280504)
(0.08824240241 0.02637671454 0.004786280504)
(0.08986812539 0.05264102296 0.004786280504)
(0.08997990026 0.07890853267 0.004786280504)
(0.08740999728 0.1051859558 0.004786280504)
(0.08345446046 0.1312285074 0.004786280504)
(0.07816055176 0.1546586455 0.004786280504)
(0.1111111111 0 0.004786280504)
(0.1107459031 0.02576350765 0.004786280504)
(0.1128319942 0.05137295477 0.004786280504)
(0.1135509758 0.07700897787 0.004786280504)
(0.1112138052 0.1026870392 0.004786280504)
(0.1077813133 0.1281780778 0.004786280504)
(0.1050074316 0.1513514105 0.004786280504)
(0.1333333333 0 0.004786280504)
(0.1332497195 0.02514146325 0.004786280504)
(0.1357964574 0.05008713508 0.004786280504)
(0.137122911 0.07508268491 0.004786280504)
(0.1350186371 0.1001523306 0.004786280504)
(0.1321093702 0.1250827449 0.004786280504)
(0.1318563026 0.1479901892 0.004786280504)
(0.1555555556 0 0.004786280504)
(0.1557530253 0.02450984965 0.004786280504)
(0.1587598738 0.04878213971 0.004786280504)
(0.1606932489 0.07312757446 0.004786280504)
(0.1588212648 0.09757913005 0.004786280504)
(0.1564346162 0.1219392171 0.004786280504)
(0.1587020391 0.1445710837 0.004786280504)
(0.1777777778 0 0.004786280504)
(0.1782548225 0.02386794401 0.004786280504)
(0.1817202667 0.0474565711 0.004786280504)
(0.1842590386 0.07114162004 0.004786280504)
(0.1826178231 0.09496482438 0.004786280504)
(0.1807522571 0.1187443311 0.004786280504)
(0.1855385308 0.1410903617 0.004786280504)
(0.2 0 0.004786280504)
(0.2007539239 0.02321505536 0.004786280504)
(0.2046752914 0.04610910503 0.004786280504)
(0.2078167895 0.06912291914 0.004786280504)
(0.2064037534 0.09230698356 0.004786280504)
(0.2050566559 0.1154951728 0.004786280504)
(0.212358605 0.1375446039 0.004786280504)
(-0.04887688744 0.1929638438 0.004786280504)
(-0.01908388745 0.1887883778 0.004786280504)
(-0.06312358293 0.2219330715 0.004786280504)
(-0.0310645775 0.2163676911 0.004786280504)
(-0.05755900459 0.2537250393 0.004786280504)
(-0.02554614945 0.2464766141 0.004786280504)
(-0.04197173771 0.2819902865 0.004786280504)
(-0.01126114884 0.2734692885 0.004786280504)
(0.010735955 0.184581323 0.004786280504)
(0.001033300751 0.2107761648 0.004786280504)
(0.006514335392 0.2392056158 0.004786280504)
(0.0195025803 0.2649284388 0.004786280504)
(0.04056288118 0.1802831522 0.004786280504)
(0.03313232465 0.2050431829 0.004786280504)
(0.03856689724 0.2317411434 0.004786280504)
(0.05024629861 0.2561412726 0.004786280504)
(0.07037586484 0.1758472836 0.004786280504)
(0.06519260518 0.1990799681 0.004786280504)
(0.07055338949 0.223952966 0.004786280504)
(0.08089452457 0.2469364913 0.004786280504)
(0.1001407312 0.1712154713 0.004786280504)
(0.09714831069 0.1927755617 0.004786280504)
(0.1023780013 0.2156793452 0.004786280504)
(0.1113239565 0.2371027423 0.004786280504)
(0.1298089552 0.1663309482 0.004786280504)
(0.1289054575 0.1860235388 0.004786280504)
(0.1339047571 0.2067678734 0.004786280504)
(0.1413616131 0.2264439493 0.004786280504)
(0.1593142622 0.1611434356 0.004786280504)
(0.1603354944 0.1787322791 0.004786280504)
(0.1649489665 0.1970914031 0.004786280504)
(0.1707752398 0.2148011209 0.004786280504)
(0.1885706514 0.1556150122 0.004786280504)
(0.1912718248 0.1708363164 0.004786280504)
(0.1952730217 0.1865646807 0.004786280504)
(0.1992693469 0.2020739857 0.004786280504)
(0.2174830497 0.1497368852 0.004786280504)
(0.221531338 0.1623274765 0.004786280504)
(0.2246180039 0.1751876529 0.004786280504)
(0.2265260205 0.1882747115 0.004786280504)
(-0.02796532018 0.3065283424 0.004786280504)
(0.001478140831 0.2981259765 0.004786280504)
(-0.01391421481 0.3310415553 0.004786280504)
(0.01382971036 0.3227120535 0.004786280504)
(0.003148057729 0.3535623255 0.004786280504)
(0.03008846631 0.3454505587 0.004786280504)
(0.02507648211 0.3713791757 0.004786280504)
(0.0510590587 0.363827023 0.004786280504)
(0.03095122248 0.2896741839 0.004786280504)
(0.04157972131 0.3143045482 0.004786280504)
(0.05701258595 0.3372333659 0.004786280504)
(0.0770029385 0.3561429876 0.004786280504)
(0.06036214712 0.2808844971 0.004786280504)
(0.069225291 0.3054685223 0.004786280504)
(0.08379083365 0.3284981126 0.004786280504)
(0.1027593647 0.3478522817 0.004786280504)
(0.08961762709 0.2715357623 0.004786280504)
(0.09665516467 0.2959326737 0.004786280504)
(0.110293378 0.3189230002 0.004786280504)
(0.1281797774 0.3385823347 0.004786280504)
(0.1185671292 0.2613561127 0.004786280504)
(0.1236913892 0.2853638286 0.004786280504)
(0.1363136722 0.3081126293 0.004786280504)
(0.1530288648 0.3278747606 0.004786280504)
(0.1470014028 0.2500920543 0.004786280504)
(0.1500883177 0.2734495756 0.004786280504)
(0.1615677896 0.2956939413 0.004786280504)
(0.1769843213 0.3152944028 0.004786280504)
(0.1746413699 0.2375360296 0.004786280504)
(0.1755202074 0.2599314732 0.004786280504)
(0.1856807269 0.281354929 0.004786280504)
(0.1996220854 0.3004734404 0.004786280504)
(0.2011336877 0.2235538013 0.004786280504)
(0.1995767826 0.2446383151 0.004786280504)
(0.2081822882 0.2648839015 0.004786280504)
(0.2204130324 0.2831568058 0.004786280504)
(0.2261010315 0.2081512351 0.004786280504)
(0.2218238349 0.227566754 0.004786280504)
(0.2285791726 0.2462647959 0.004786280504)
(0.2388074 0.2633130023 0.004786280504)
(0 0 -0.004786280504)
(0.02222222222 0 -0.004786280504)
(-0.001756892438 0.02875523306 -0.004786280504)
(0.02073987041 0.02817041631 -0.004786280504)
(-0.001958348128 0.05756338719 -0.004786280504)
(0.02099220635 0.0563526524 -0.004786280504)
(-0.004261119649 0.08628001755 -0.004786280504)
(0.01929005387 0.08446726498 -0.004786280504)
(-0.007749183579 0.1148769319 -0.004786280504)
(0.01602876815 0.1124947706 -0.004786280504)
(-0.0137836373 0.1430466081 -0.004786280504)
(0.01051117583 0.1401433026 -0.004786280504)
(-0.02913377214 0.1674255505 -0.004786280504)
(-0.002329700113 0.1642955871 -0.004786280504)
(0.04444444444 0 -0.004786280504)
(0.04323890563 0.02757948437 -0.004786280504)
(0.04394726978 0.05512952399 -0.004786280504)
(0.04284798859 0.08263568531 -0.004786280504)
(0.03981555694 0.110087206 -0.004786280504)
(0.03481698246 0.1372078953 -0.004786280504)
(0.02448889953 0.1611268909 -0.004786280504)
(0.06666666667 0 -0.004786280504)
(0.06573989038 0.02698180665 -0.004786280504)
(0.06690619178 0.05389275385 -0.004786280504)
(0.06641169743 0.08078342527 -0.004786280504)
(0.06360986648 0.1076517909 -0.004786280504)
(0.05913212227 0.1342373547 -0.004786280504)
(0.05131989574 0.157915839 -0.004786280504)
(0.08888888889 0 -0.004786280504)
(0.08824240241 0.02637671454 -0.004786280504)
(0.08986812539 0.05264102296 -0.004786280504)
(0.08997990026 0.07890853267 -0.004786280504)
(0.08740999728 0.1051859558 -0.004786280504)
(0.08345446046 0.1312285074 -0.004786280504)
(0.07816055176 0.1546586455 -0.004786280504)
(0.1111111111 0 -0.004786280504)
(0.1107459031 0.02576350765 -0.004786280504)
(0.1128319942 0.05137295477 -0.004786280504)
(0.1135509758 0.07700897787 -0.004786280504)
(0.1112138052 0.1026870392 -0.004786280504)
(0.1077813133 0.1281780778 -0.004786280504)
(0.1050074316 0.1513514105 -0.004786280504)
(0.1333333333 0 -0.004786280504)
(0.1332497195 0.02514146325 -0.004786280504)
(0.1357964574 0.05008713508 -0.004786280504)
(0.137122911 0.07508268491 -0.004786280504)
(0.1350186371 0.1001523306 -0.004786280504)
(0.1321093702 0.1250827449 -0.004786280504)
(0.1318563026 0.1479901892 -0.004786280504)
(0.1555555556 0 -0.004786280504)
(0.1557530253 0.02450984965 -0.004786280504)
(0.1587598738 0.04878213971 -0.004786280504)
(0.1606932489 0.07312757446 -0.004786280504)
(0.1588212648 0.09757913005 -0.004786280504)
(0.1564346162 0.1219392171 -0.004786280504)
(0.1587020391 0.1445710837 -0.004786280504)
(0.1777777778 0 -0.004786280504)
(0.1782548225 0.02386794401 -0.004786280504)
(0.1817202667 0.0474565711 -0.004786280504)
(0.1842590386 0.07114162004 -0.004786280504)
(0.1826178231 0.09496482438 -0.004786280504)
(0.1807522571 0.1187443311 -0.004786280504)
(0.1855385308 0.1410903617 -0.004786280504)
(0.2 0 -0.004786280504)
(0.2007539239 0.02321505536 -0.004786280504)
(0.2046752914 0.04610910503 -0.004786280504)
(0.2078167895 0.06912291914 -0.004786280504)
(0.2064037534 0.09230698356 -0.004786280504)
(0.2050566559 0.1154951728 -0.004786280504)
(0.212358605 0.1375446039 -0.004786280504)
(-0.04887688744 0.1929638438 -0.004786280504)
(-0.01908388745 0.1887883778 -0.004786280504)
(-0.06312358293 0.2219330715 -0.004786280504)
(-0.0310645775 0.2163676911 -0.004786280504)
(-0.05755900459 0.2537250393 -0.004786280504)
(-0.02554614945 0.2464766141 -0.004786280504)
(-0.04197173771 0.2819902865 -0.004786280504)
(-0.01126114884 0.2734692885 -0.004786280504)
(0.010735955 0.184581323 -0.004786280504)
(0.001033300751 0.2107761648 -0.004786280504)
(0.006514335392 0.2392056158 -0.004786280504)
(0.0195025803 0.2649284388 -0.004786280504)
(0.04056288118 0.1802831522 -0.004786280504)
(0.03313232465 0.2050431829 -0.004786280504)
(0.03856689724 0.2317411434 -0.004786280504)
(0.05024629861 0.2561412726 -0.004786280504)
(0.07037586484 0.1758472836 -0.004786280504)
(0.06519260518 0.1990799681 -0.004786280504)
(0.07055338949 0.223952966 -0.004786280504)
(0.08089452457 0.2469364913 -0.004786280504)
(0.1001407312 0.1712154713 -0.004786280504)
(0.09714831069 0.1927755617 -0.004786280504)
(0.1023780013 0.2156793452 -0.004786280504)
(0.1113239565 0.2371027423 -0.004786280504)
(0.1298089552 0.1663309482 -0.004786280504)
(0.1289054575 0.1860235388 -0.004786280504)
(0.1339047571 0.2067678734 -0.004786280504)
(0.1413616131 0.2264439493 -0.004786280504)
(0.1593142622 0.1611434356 -0.004786280504)
(0.1603354944 0.1787322791 -0.004786280504)
(0.1649489665 0.1970914031 -0.004786280504)
(0.1707752398 0.2148011209 -0.004786280504)
(0.1885706514 0.1556150122 -0.004786280504)
(0.1912718248 0.1708363164 -0.004786280504)
(0.1952730217 0.1865646807 -0.004786280504)
(0.1992693469 0.2020739857 -0.004786280504)
(0.2174830497 0.1497368852 -0.004786280504)
(0.221531338 0.1623274765 -0.004786280504)
(0.2246180039 0.1751876529 -0.004786280504)
(0.2265260205 0.1882747115 -0.004786280504)
(-0.02796532018 0.3065283424 -0.004786280504)
(0.001478140831 0.2981259765 -0.004786280504)
(-0.01391421481 0.3310415553 -0.004786280504)
(0.01382971036 0.3227120535 -0.004786280504)
(0.003148057729 0.3535623255 -0.004786280504)
(0.03008846631 0.3454505587 -0.004786280504)
(0.02507648211 0.3713791757 -0.004786280504)
(0.0510590587 0.363827023 -0.004786280504)
(0.03095122248 0.2896741839 -0.004786280504)
(0.04157972131 0.3143045482 -0.004786280504)
(0.05701258595 0.3372333659 -0.004786280504)
(0.0770029385 0.3561429876 -0.004786280504)
(0.06036214712 0.2808844971 -0.004786280504)
(0.069225291 0.3054685223 -0.004786280504)
(0.08379083365 0.3284981126 -0.004786280504)
(0.1027593647 0.3478522817 -0.004786280504)
(0.08961762709 0.2715357623 -0.004786280504)
(0.09665516467 0.2959326737 -0.004786280504)
(0.110293378 0.3189230002 -0.004786280504)
(0.1281797774 0.3385823347 -0.004786280504)
(0.1185671292 0.2613561127 -0.004786280504)
(0.1236913892 0.2853638286 -0.004786280504)
(0.1363136722 0.3081126293 -0.004786280504)
(0.1530288648 0.3278747606 -0.004786280504)
(0.1470014028 0.2500920543 -0.004786280504)
(0.1500883177 0.2734495756 -0.004786280504)
(0.1615677896 0.2956939413 -0.004786280504)
(0.1769843213 0.3152944028 -0.004786280504)
(0.1746413699 0.2375360296 -0.004786280504)
(0.1755202074 0.2599314732 -0.004786280504)
(0.1856807269 0.281354929 -0.004786280504)
(0.1996220854 0.3004734404 -0.004786280504)
(0.2011336877 0.2235538013 -0.004786280504)
(0.1995767826 0.2446383151 -0.004786280504)
(0.2081822882 0.2648839015 -0.004786280504)
(0.2204130324 0.2831568058 -0.004786280504)
(0.2261010315 0.2081512351 -0.004786280504)
(0.2218238349 0.227566754 -0.004786280504)
(0.2285791726 0.2462647959 -0.004786280504)
(0.2388074 0.2633130023 -0.004786280504)
)


// ************************************************************************* //
