/*--------------------------------*- C++ -*----------------------------------*\
  =========                 |
  \\      /  F ield         | OpenFOAM: The Open Source CFD Toolbox
   \\    /   O peration     | Website:  https://openfoam.org
    \\  /    A nd           | Version:  6
     \\/     M anipulation  |
\*---------------------------------------------------------------------------*/
FoamFile
{
    version     2.0;
    format      ascii;
    class       surfaceScalarField;
    location    "3200";
    object      phi;
}
// * * * * * * * * * * * * * * * * * * * * * * * * * * * * * * * * * * * * * //

dimensions      [0 3 -1 0 0 0 0];

internalField   nonuniform List<scalar> 
7420
(
1.25203e-06
3.27799e-07
1.21705e-06
3.49789e-08
1.2484e-06
-3.13439e-08
1.31131e-06
-6.29094e-08
1.38387e-06
-7.25607e-08
1.46141e-06
-7.75414e-08
1.51316e-06
-5.17498e-08
1.55855e-06
-4.53885e-08
1.60495e-06
-4.6398e-08
1.61116e-06
-6.21463e-09
1.63678e-06
-2.56231e-08
1.68345e-06
-4.66681e-08
1.73749e-06
-5.40342e-08
1.79596e-06
-5.84779e-08
1.74247e-06
5.34921e-08
1.61513e-06
1.2734e-07
1.43275e-06
1.82378e-07
1.299e-06
1.33752e-07
1.22445e-06
7.45551e-08
1.21869e-06
5.75416e-09
1.31738e-06
-9.86902e-08
1.46521e-06
-1.47831e-07
1.60039e-06
-1.35174e-07
1.66455e-06
-6.4164e-08
1.57353e-06
9.10237e-08
1.38409e-06
1.89441e-07
1.16115e-06
2.22934e-07
9.27485e-07
2.33669e-07
7.39809e-07
1.87675e-07
5.96123e-07
1.43686e-07
4.69997e-07
1.26126e-07
3.6919e-07
1.00806e-07
7.21467e-08
2.97044e-07
4.107e-06
8.62565e-07
3.91739e-06
2.24598e-07
3.91915e-06
-3.31116e-08
4.01401e-06
-1.57762e-07
4.1497e-06
-2.08253e-07
4.3019e-06
-2.2974e-07
4.42412e-06
-1.7397e-07
4.53369e-06
-1.54959e-07
4.63571e-06
-1.48416e-07
4.68543e-06
-5.59421e-08
4.75255e-06
-9.27441e-08
4.84348e-06
-1.37594e-07
4.93709e-06
-1.47642e-07
5.00816e-06
-1.29546e-07
4.91145e-06
1.50193e-07
4.67806e-06
3.60738e-07
4.34589e-06
5.14549e-07
4.06522e-06
4.14416e-07
3.88692e-06
2.52858e-07
3.84632e-06
4.63482e-08
3.98528e-06
-2.3765e-07
4.21291e-06
-3.75455e-07
4.4166e-06
-3.38867e-07
4.49356e-06
-1.41127e-07
4.33002e-06
2.5457e-07
3.9774e-06
5.42054e-07
3.52215e-06
6.78184e-07
3.01585e-06
7.39978e-07
2.55141e-06
6.52108e-07
2.15302e-06
5.42082e-07
1.79681e-06
4.82337e-07
1.49243e-06
4.05184e-07
3.15915e-07
1.24866e-06
7.00488e-06
1.43111e-06
6.71841e-06
5.11071e-07
6.66112e-06
2.41833e-08
6.74096e-06
-2.37604e-07
6.89097e-06
-3.5827e-07
7.07371e-06
-4.12471e-07
7.23563e-06
-3.35891e-07
7.38612e-06
-3.05454e-07
7.52618e-06
-2.88475e-07
7.61484e-06
-1.44602e-07
7.71375e-06
-1.91657e-07
7.82789e-06
-2.51733e-07
7.93375e-06
-2.535e-07
7.99775e-06
-1.93543e-07
7.8831e-06
2.64836e-07
7.6126e-06
6.31236e-07
7.22254e-06
9.04617e-07
6.86663e-06
7.7032e-07
6.61621e-06
5.03283e-07
6.52613e-06
1.36426e-07
6.63837e-06
-3.4989e-07
6.85226e-06
-5.89347e-07
7.03988e-06
-5.26486e-07
7.08875e-06
-1.9e-07
6.88549e-06
4.57838e-07
6.46348e-06
9.64057e-07
5.8976e-06
1.24407e-06
5.24162e-06
1.39596e-06
4.59571e-06
1.29801e-06
4.00147e-06
1.13632e-06
3.4494e-06
1.03441e-06
2.95613e-06
8.98448e-07
7.34815e-07
2.53723e-06
9.82655e-06
1.97931e-06
9.50363e-06
8.33991e-07
9.39981e-06
1.27999e-07
9.45006e-06
-2.87848e-07
9.58955e-06
-4.9776e-07
9.77672e-06
-5.99644e-07
9.95488e-06
-5.14051e-07
1.01272e-05
-4.77808e-07
1.0291e-05
-4.5226e-07
1.04068e-05
-2.60419e-07
1.05271e-05
-3.11946e-07
1.06532e-05
-3.77784e-07
1.07615e-05
-3.6181e-07
1.08182e-05
-2.50253e-07
1.06993e-05
3.83768e-07
1.04237e-05
9.06763e-07
1.00198e-05
1.3086e-06
9.63141e-06
1.15866e-06
9.33347e-06
8.01228e-07
9.19153e-06
2.78357e-07
9.24912e-06
-4.0747e-07
9.40832e-06
-7.48548e-07
9.54321e-06
-6.61382e-07
9.54607e-06
-1.92856e-07
9.31063e-06
6.93272e-07
8.85829e-06
1.4164e-06
8.24762e-06
1.85473e-06
7.52239e-06
2.1212e-06
6.77641e-06
2.04399e-06
6.05496e-06
1.85778e-06
5.35841e-06
1.73095e-06
4.71127e-06
1.54559e-06
1.30992e-06
4.13617e-06
1.25366e-05
2.48855e-06
1.22119e-05
1.15866e-06
1.20822e-05
2.57715e-07
1.21048e-05
-3.10502e-07
1.22247e-05
-6.17597e-07
1.24023e-05
-7.77281e-07
1.25816e-05
-6.93375e-07
1.27619e-05
-6.58072e-07
1.29373e-05
-6.27716e-07
1.30697e-05
-3.92754e-07
1.32026e-05
-4.44844e-07
1.33339e-05
-5.09153e-07
1.34415e-05
-4.69403e-07
1.34932e-05
-3.01922e-07
1.33777e-05
4.99256e-07
1.3112e-05
1.17244e-06
1.27163e-05
1.70435e-06
1.23205e-05
1.55444e-06
1.19939e-05
1.12787e-06
1.18059e-05
4.66385e-07
1.1801e-05
-4.02592e-07
1.18907e-05
-8.38286e-07
1.1959e-05
-7.29684e-07
1.1908e-05
-1.41859e-07
1.16413e-05
9.60022e-07
1.11738e-05
1.88386e-06
1.05514e-05
2.4772e-06
9.80608e-06
2.86646e-06
9.01985e-06
2.83022e-06
8.23232e-06
2.64532e-06
7.44667e-06
2.5166e-06
6.69147e-06
2.30079e-06
2.00728e-06
5.9941e-06
1.51217e-05
2.9534e-06
1.48135e-05
1.46687e-06
1.46748e-05
3.96448e-07
1.46775e-05
-3.1327e-07
1.47772e-05
-7.17215e-07
1.49394e-05
-9.39567e-07
1.51115e-05
-8.65416e-07
1.52905e-05
-8.37048e-07
1.54687e-05
-8.05966e-07
1.56093e-05
-5.33368e-07
1.57483e-05
-5.83775e-07
1.58808e-05
-6.41724e-07
1.59866e-05
-5.7516e-07
1.60354e-05
-3.50686e-07
1.59276e-05
6.06968e-07
1.5679e-05
1.4211e-06
1.53026e-05
2.08073e-06
1.49137e-05
1.94329e-06
1.4572e-05
1.46957e-06
1.43464e-05
6.92006e-07
1.42812e-05
-3.37392e-07
1.42999e-05
-8.56968e-07
1.42995e-05
-7.29267e-07
1.41937e-05
-3.6118e-08
1.38969e-05
1.25688e-06
1.34212e-05
2.35956e-06
1.28036e-05
3.09479e-06
1.2067e-05
3.60308e-06
1.12807e-05
3.61653e-06
1.04745e-05
3.45152e-06
9.64912e-06
3.34194e-06
8.8327e-06
3.11721e-06
2.7864e-06
8.05359e-06
1.75768e-05
3.37367e-06
1.72937e-05
1.74998e-06
1.71575e-05
5.32613e-07
1.71487e-05
-3.04441e-07
1.72314e-05
-7.99941e-07
1.73774e-05
-1.0856e-06
1.75384e-05
-1.02643e-06
1.77108e-05
-1.00945e-06
1.78861e-05
-9.81207e-07
1.80292e-05
-6.76522e-07
1.81696e-05
-7.2415e-07
1.83007e-05
-7.7285e-07
1.84042e-05
-6.78597e-07
1.84515e-05
-3.98033e-07
1.83539e-05
7.04592e-07
1.81256e-05
1.64938e-06
1.7774e-05
2.43232e-06
1.74002e-05
2.31709e-06
1.70531e-05
1.81673e-06
1.67986e-05
9.46499e-07
1.66796e-05
-2.18409e-07
1.66321e-05
-8.09439e-07
1.65669e-05
-6.64127e-07
1.64099e-05
1.2092e-07
1.60859e-05
1.58087e-06
1.56064e-05
2.83908e-06
1.50027e-05
3.69843e-06
1.42914e-05
4.31447e-06
1.35307e-05
4.37717e-06
1.27399e-05
4.24236e-06
1.19145e-05
4.16727e-06
1.10788e-05
3.95291e-06
3.60669e-06
1.02585e-05
1.98998e-05
3.75106e-06
1.96451e-05
2.00463e-06
1.95186e-05
6.59103e-07
1.95051e-05
-2.90908e-07
1.95754e-05
-8.70272e-07
1.97069e-05
-1.21703e-06
1.98561e-05
-1.17566e-06
2.00195e-05
-1.17289e-06
2.01885e-05
-1.15017e-06
2.03306e-05
-8.18638e-07
2.04695e-05
-8.63028e-07
2.05975e-05
-9.00875e-07
2.06984e-05
-7.79442e-07
2.07452e-05
-4.4483e-07
2.06587e-05
7.91025e-07
2.04522e-05
1.8559e-06
2.01279e-05
2.75661e-06
1.97738e-05
2.67117e-06
1.94281e-05
2.16249e-06
1.91526e-05
1.22195e-06
1.89879e-05
-5.36496e-08
1.88817e-05
-7.03281e-07
1.87587e-05
-5.41151e-07
1.85562e-05
3.23432e-07
1.82096e-05
1.92748e-06
1.77304e-05
3.31829e-06
1.71465e-05
4.2823e-06
1.64703e-05
4.99067e-06
1.57516e-05
5.09589e-06
1.49995e-05
4.99448e-06
1.4204e-05
4.9628e-06
1.33834e-05
4.77343e-06
4.43172e-06
1.25584e-05
2.20903e-05
4.08782e-06
2.18647e-05
2.23026e-06
2.17518e-05
7.72052e-07
2.17385e-05
-2.77673e-07
2.18007e-05
-9.32485e-07
2.19202e-05
-1.33651e-06
2.20586e-05
-1.31407e-06
2.22126e-05
-1.3269e-06
2.23739e-05
-1.31147e-06
2.25131e-05
-9.57824e-07
2.26488e-05
-9.98751e-07
2.27728e-05
-1.02487e-06
2.28709e-05
-8.77542e-07
2.29176e-05
-4.9154e-07
2.28428e-05
8.65851e-07
2.26585e-05
2.04025e-06
2.23625e-05
3.05255e-06
2.20308e-05
3.00288e-06
2.16914e-05
2.50192e-06
2.14018e-05
1.51156e-06
2.11993e-05
1.48877e-07
2.10428e-05
-5.46834e-07
2.08699e-05
-3.6827e-07
2.06288e-05
5.64522e-07
2.02651e-05
2.29127e-06
1.97906e-05
3.79275e-06
1.92311e-05
4.84181e-06
1.85966e-05
5.62516e-06
1.79302e-05
5.76231e-06
1.72324e-05
5.69222e-06
1.64881e-05
5.70712e-06
1.57094e-05
5.55213e-06
5.231e-06
1.49101e-05
2.41484e-05
4.38607e-06
2.3951e-05
2.42761e-06
2.38534e-05
8.69709e-07
2.38437e-05
-2.68012e-07
2.39013e-05
-9.90063e-07
2.40116e-05
-1.44682e-06
2.41409e-05
-1.44334e-06
2.42861e-05
-1.47215e-06
2.44396e-05
-1.46496e-06
2.45752e-05
-1.09338e-06
2.4707e-05
-1.1306e-06
2.48266e-05
-1.14446e-06
2.49219e-05
-9.72875e-07
2.49688e-05
-5.3842e-07
2.49057e-05
9.28993e-07
2.47434e-05
2.2025e-06
2.44762e-05
3.31981e-06
2.41684e-05
3.3106e-06
2.3839e-05
2.83135e-06
2.3541e-05
1.8096e-06
2.3308e-05
3.81792e-07
2.31094e-05
-3.48211e-07
2.28946e-05
-1.53467e-07
2.26221e-05
8.3704e-07
2.2247e-05
2.66634e-06
2.1782e-05
4.2578e-06
2.1251e-05
5.3728e-06
2.0663e-05
6.21316e-06
2.00557e-05
6.36956e-06
1.94228e-05
6.32516e-06
1.87446e-05
6.38529e-06
1.80275e-05
6.26928e-06
5.98049e-06
1.7278e-05
2.60742e-05
4.64779e-06
2.59038e-05
2.59802e-06
2.58219e-05
9.51636e-07
2.58177e-05
-2.63836e-07
2.58732e-05
-1.04556e-06
2.59767e-05
-1.55038e-06
2.60988e-05
-1.56536e-06
2.62364e-05
-1.60981e-06
2.63827e-05
-1.6112e-06
2.65146e-05
-1.22535e-06
2.66425e-05
-1.2585e-06
2.67577e-05
-1.25966e-06
2.68504e-05
-1.06555e-06
2.68977e-05
-5.85664e-07
2.68461e-05
9.80513e-07
2.67057e-05
2.34292e-06
2.64671e-05
3.55841e-06
2.61844e-05
3.59335e-06
2.58678e-05
3.14797e-06
2.5566e-05
2.11133e-06
2.53093e-05
6.38554e-07
2.50759e-05
-1.14879e-07
2.48267e-05
9.57226e-08
2.45297e-05
1.13406e-06
2.41492e-05
3.04684e-06
2.36983e-05
4.70868e-06
2.31998e-05
5.87133e-06
2.26621e-05
6.75084e-06
2.21188e-05
6.91288e-06
2.15576e-05
6.88636e-06
2.09558e-05
6.98714e-06
2.03143e-05
6.91077e-06
6.66201e-06
1.96328e-05
2.78679e-05
4.87478e-06
2.77229e-05
2.74301e-06
2.76564e-05
1.01815e-06
2.76587e-05
-2.66072e-07
2.77138e-05
-1.10067e-06
2.78125e-05
-1.6491e-06
2.79289e-05
-1.6818e-06
2.80603e-05
-1.7412e-06
2.82002e-05
-1.75111e-06
2.83291e-05
-1.35418e-06
2.84533e-05
-1.38274e-06
2.85644e-05
-1.37076e-06
2.86547e-05
-1.15581e-06
2.87025e-05
-6.33475e-07
2.86625e-05
1.0205e-06
2.85436e-05
2.46185e-06
2.83335e-05
3.7685e-06
2.80764e-05
3.85047e-06
2.77748e-05
3.44955e-06
2.74734e-05
2.41273e-06
2.71985e-05
9.13447e-07
2.69371e-05
1.46479e-07
2.66604e-05
3.72422e-07
2.63453e-05
1.44916e-06
2.5965e-05
3.42721e-06
2.55328e-05
5.14083e-06
2.50704e-05
6.3337e-06
2.45863e-05
7.23497e-06
2.41103e-05
7.38886e-06
2.36255e-05
7.37119e-06
2.31068e-05
7.50587e-06
2.25507e-05
7.46687e-06
7.26241e-06
2.19503e-05
2.95298e-05
5.06861e-06
2.94087e-05
2.8641e-06
2.93569e-05
1.06996e-06
2.93658e-05
-2.74973e-07
2.94215e-05
-1.15639e-06
2.95167e-05
-1.74433e-06
2.96289e-05
-1.79401e-06
2.97552e-05
-1.86751e-06
2.98897e-05
-1.88561e-06
3.0016e-05
-1.48048e-06
3.01371e-05
-1.50379e-06
3.02445e-05
-1.47818e-06
3.03326e-05
-1.24395e-06
3.03812e-05
-6.8208e-07
3.03527e-05
1.04905e-06
3.02549e-05
2.5596e-06
3.00731e-05
3.95033e-06
2.98421e-05
4.08151e-06
2.95574e-05
3.73426e-06
2.92597e-05
2.71044e-06
2.89716e-05
1.20149e-06
2.86882e-05
4.29936e-07
2.83901e-05
6.70464e-07
2.80628e-05
1.77648e-06
2.76877e-05
3.80236e-06
2.72784e-05
5.55005e-06
2.68555e-05
6.7566e-06
2.64276e-05
7.66289e-06
2.60214e-05
7.79507e-06
2.5616e-05
7.77665e-06
2.51847e-05
7.93712e-06
2.47205e-05
7.93111e-06
7.77245e-06
2.42104e-05
3.10599e-05
5.23074e-06
3.09612e-05
2.96274e-06
3.09232e-05
1.10799e-06
3.09386e-05
-2.90355e-07
3.09954e-05
-1.21317e-06
3.10879e-05
-1.83688e-06
3.11968e-05
-1.90294e-06
3.1319e-05
-1.98967e-06
3.14489e-05
-2.01551e-06
3.15732e-05
-1.6048e-06
3.16916e-05
-1.62213e-06
3.17957e-05
-1.58235e-06
3.18821e-05
-1.33028e-06
3.19317e-05
-7.31711e-07
3.19145e-05
1.06622e-06
3.18376e-05
2.63654e-06
3.16838e-05
4.10416e-06
3.14791e-05
4.28616e-06
3.12128e-05
4.00054e-06
3.09217e-05
3.00152e-06
3.06249e-05
1.4983e-06
3.03246e-05
7.30245e-07
3.00107e-05
9.8435e-07
2.96764e-05
2.11081e-06
2.9311e-05
4.16774e-06
2.89284e-05
5.93261e-06
2.85479e-05
7.13712e-06
2.81783e-05
8.03246e-06
2.78435e-05
8.12989e-06
2.75192e-05
8.101e-06
2.71779e-05
8.27837e-06
2.68095e-05
8.29957e-06
8.18615e-06
2.63958e-05
3.24583e-05
5.36257e-06
3.23807e-05
3.04028e-06
3.23555e-05
1.13323e-06
3.23769e-05
-3.11757e-07
3.24348e-05
-1.27107e-06
3.25251e-05
-1.92718e-06
3.26313e-05
-2.00912e-06
3.27499e-05
-2.10827e-06
3.28758e-05
-2.14142e-06
3.29985e-05
-1.72752e-06
3.31145e-05
-1.73812e-06
3.32158e-05
-1.68365e-06
3.33006e-05
-1.41507e-06
3.33515e-05
-7.82574e-07
3.33456e-05
1.07211e-06
3.32891e-05
2.69299e-06
3.3163e-05
4.23027e-06
3.2985e-05
4.46419e-06
3.27384e-05
4.24709e-06
3.24565e-05
3.28344e-06
3.21548e-05
1.80002e-06
3.18423e-05
1.04273e-06
3.15175e-05
1.30918e-06
3.11808e-05
2.44752e-06
3.08291e-05
4.51939e-06
3.04764e-05
6.28532e-06
3.01406e-05
7.47292e-06
2.98309e-05
8.34216e-06
2.95684e-05
8.39246e-06
2.93258e-05
8.34352e-06
2.90756e-05
8.52857e-06
2.88049e-05
8.5703e-06
8.50001e-06
2.84911e-05
3.37251e-05
5.46536e-06
3.36674e-05
3.09799e-06
3.3654e-05
1.14669e-06
3.36807e-05
-3.38554e-07
3.37395e-05
-1.32986e-06
3.38276e-05
-2.01527e-06
3.39313e-05
-2.11276e-06
3.40466e-05
-2.22362e-06
3.41688e-05
-2.26362e-06
3.42901e-05
-1.84884e-06
3.4404e-05
-1.85199e-06
3.45027e-05
-1.78233e-06
3.45861e-05
-1.49852e-06
3.46384e-05
-8.34811e-07
3.46436e-05
1.06686e-06
3.46072e-05
2.72937e-06
3.45085e-05
4.32904e-06
3.43572e-05
4.6155e-06
3.41315e-05
4.47274e-06
3.3861e-05
3.55394e-06
3.35579e-05
2.10314e-06
3.32374e-05
1.36318e-06
3.29061e-05
1.64057e-06
3.25711e-05
2.78249e-06
3.22366e-05
4.85386e-06
3.19164e-05
6.60553e-06
3.16271e-05
7.76219e-06
3.13782e-05
8.59105e-06
3.11881e-05
8.58262e-06
3.10272e-05
8.50442e-06
3.08679e-05
8.68787e-06
3.06952e-05
8.74295e-06
8.71263e-06
3.04826e-05
3.48604e-05
5.54035e-06
3.48214e-05
3.13706e-06
3.48187e-05
1.14936e-06
3.48502e-05
-3.70027e-07
3.49094e-05
-1.38909e-06
3.49951e-05
-2.10094e-06
3.5096e-05
-2.21374e-06
3.52081e-05
-2.33568e-06
3.53267e-05
-2.38217e-06
3.54465e-05
-1.96869e-06
3.55583e-05
-1.96374e-06
3.56544e-05
-1.87849e-06
3.57366e-05
-1.58066e-06
3.57902e-05
-8.88464e-07
3.58064e-05
1.0507e-06
3.57896e-05
2.74612e-06
3.57178e-05
4.40089e-06
3.55932e-05
4.74006e-06
3.53894e-05
4.67651e-06
3.51324e-05
3.81099e-06
3.4831e-05
2.40449e-06
3.45065e-05
1.68776e-06
3.41725e-05
1.97456e-06
3.38429e-05
3.11209e-06
3.35285e-05
5.16823e-06
3.32429e-05
6.89113e-06
3.30014e-05
8.00369e-06
3.28136e-05
8.77882e-06
3.26953e-05
8.70096e-06
3.2615e-05
8.58477e-06
3.25453e-05
8.7575e-06
3.24697e-05
8.81856e-06
8.82424e-06
3.23581e-05
3.58642e-05
5.58878e-06
3.58427e-05
3.1586e-06
3.58498e-05
1.14222e-06
3.58852e-05
-4.05403e-07
3.59443e-05
-1.44821e-06
3.60271e-05
-2.18378e-06
3.61251e-05
-2.3117e-06
3.62336e-05
-2.4442e-06
3.63483e-05
-2.49684e-06
3.64663e-05
-2.08674e-06
3.65758e-05
-2.07317e-06
3.66693e-05
-1.97204e-06
3.67501e-05
-1.6614e-06
3.6805e-05
-9.43454e-07
3.68318e-05
1.02395e-06
3.68341e-05
2.74383e-06
3.67886e-05
4.44635e-06
3.66907e-05
4.83796e-06
3.65097e-05
4.85753e-06
3.62679e-05
4.05274e-06
3.59713e-05
2.70115e-06
3.56461e-05
2.01293e-06
3.53131e-05
2.30752e-06
3.49922e-05
3.43307e-06
3.47004e-05
5.46003e-06
3.4451e-05
7.14051e-06
3.42579e-05
8.19674e-06
3.4131e-05
8.90576e-06
3.40832e-05
8.74873e-06
3.40816e-05
8.58643e-06
3.40994e-05
8.73968e-06
3.41186e-05
8.79937e-06
8.83665e-06
3.41062e-05
3.67365e-05
5.6118e-06
3.67314e-05
3.16369e-06
3.67475e-05
1.12619e-06
3.6786e-05
-4.43882e-07
3.68443e-05
-1.50654e-06
3.69237e-05
-2.2632e-06
3.70181e-05
-2.40609e-06
3.71225e-05
-2.54865e-06
3.72329e-05
-2.60718e-06
3.73486e-05
-2.20246e-06
3.74553e-05
-2.17983e-06
3.75459e-05
-2.06268e-06
3.7625e-05
-1.74047e-06
3.76811e-05
-9.9956e-07
3.7718e-05
9.87076e-07
3.77386e-05
2.72318e-06
3.77189e-05
4.46608e-06
3.76474e-05
4.90943e-06
3.74899e-05
5.01508e-06
3.72651e-05
4.27754e-06
3.69758e-05
2.99038e-06
3.66534e-05
2.33542e-06
3.63247e-05
2.63613e-06
3.60153e-05
3.7425e-06
3.57482e-05
5.72717e-06
3.55362e-05
7.35251e-06
3.53918e-05
8.34115e-06
3.53248e-05
8.97277e-06
3.53456e-05
8.72786e-06
3.542e-05
8.51202e-06
3.55222e-05
8.63749e-06
3.5633e-05
8.68863e-06
8.75281e-06
3.57168e-05
3.74774e-05
5.61059e-06
3.74877e-05
3.15336e-06
3.75117e-05
1.10219e-06
3.75525e-05
-4.84653e-07
3.76093e-05
-1.56336e-06
3.76846e-05
-2.33851e-06
3.77747e-05
-2.49618e-06
3.78744e-05
-2.64834e-06
3.79797e-05
-2.71251e-06
3.80924e-05
-2.31509e-06
3.81957e-05
-2.28312e-06
3.82829e-05
-2.14994e-06
3.83599e-05
-1.81744e-06
3.84168e-05
-1.05642e-06
3.84632e-05
9.4067e-07
3.85014e-05
2.68497e-06
3.85066e-05
4.46084e-06
3.84612e-05
4.95479e-06
3.83277e-05
5.14857e-06
3.81214e-05
4.48386e-06
3.78422e-05
3.26962e-06
3.75255e-05
2.65211e-06
3.72043e-05
2.95729e-06
3.69091e-05
4.03774e-06
3.66683e-05
5.96791e-06
3.64945e-05
7.52638e-06
3.63984e-05
8.4372e-06
3.63899e-05
8.98125e-06
3.64769e-05
8.64089e-06
3.66241e-05
8.36488e-06
3.68067e-05
8.45485e-06
3.70047e-05
8.49063e-06
8.57687e-06
3.71806e-05
3.80868e-05
5.58631e-06
3.81115e-05
3.12863e-06
3.81426e-05
1.07111e-06
3.81848e-05
-5.26895e-07
3.82394e-05
-1.6179e-06
3.83098e-05
-2.40895e-06
3.83948e-05
-2.58113e-06
3.84888e-05
-2.74243e-06
3.85883e-05
-2.81201e-06
3.8697e-05
-2.4237e-06
3.87961e-05
-2.38223e-06
3.88793e-05
-2.23319e-06
3.89536e-05
-1.89172e-06
3.90107e-05
-1.11353e-06
3.90659e-05
8.85462e-07
3.91207e-05
2.63016e-06
3.915e-05
4.43154e-06
3.91303e-05
4.97452e-06
3.90213e-05
5.25755e-06
3.88348e-05
4.67032e-06
3.8568e-05
3.53645e-06
3.82601e-05
2.96007e-06
3.79493e-05
3.26808e-06
3.76706e-05
4.3164e-06
3.74577e-05
6.1808e-06
3.73224e-05
7.66172e-06
3.7274e-05
8.48562e-06
3.73221e-05
8.93311e-06
3.74721e-05
8.49093e-06
3.7688e-05
8.14897e-06
3.79464e-05
8.19643e-06
3.82265e-05
8.21048e-06
8.314e-06
3.84894e-05
3.85648e-05
5.5401e-06
3.86029e-05
3.09048e-06
3.86402e-05
1.03383e-06
3.86831e-05
-5.69785e-07
3.87345e-05
-1.66933e-06
3.87992e-05
-2.47365e-06
3.88781e-05
-2.66e-06
3.89656e-05
-2.82994e-06
3.90583e-05
-2.9047e-06
3.91618e-05
-2.52719e-06
3.92557e-05
-2.47618e-06
3.93342e-05
-2.31164e-06
3.9405e-05
-1.96258e-06
3.94617e-05
-1.17024e-06
3.95249e-05
8.22309e-07
3.95952e-05
2.55982e-06
3.96475e-05
4.37923e-06
3.96529e-05
4.96921e-06
3.95687e-05
5.34165e-06
3.94034e-05
4.83563e-06
3.91513e-05
3.78855e-06
3.88549e-05
3.25648e-06
3.85572e-05
3.56576e-06
3.82974e-05
4.57626e-06
3.81135e-05
6.36466e-06
3.80168e-05
7.75848e-06
3.80149e-05
8.48748e-06
3.81173e-05
8.83072e-06
3.83266e-05
8.28159e-06
3.86067e-05
7.86886e-06
3.89356e-05
7.86758e-06
3.9292e-05
7.8541e-06
7.97017e-06
3.96358e-05
3.89113e-05
5.47311e-06
3.89618e-05
3.0399e-06
3.90045e-05
9.91228e-07
3.90472e-05
-6.12496e-07
3.90947e-05
-1.71683e-06
3.91528e-05
-2.53173e-06
3.92245e-05
-2.73177e-06
3.93044e-05
-2.90981e-06
3.93892e-05
-2.98948e-06
3.94863e-05
-2.62435e-06
3.9574e-05
-2.56388e-06
3.96468e-05
-2.38435e-06
3.97133e-05
-2.02917e-06
3.97689e-05
-1.22581e-06
3.9839e-05
7.5219e-07
3.99237e-05
2.47515e-06
3.99979e-05
4.30506e-06
4.00275e-05
4.93956e-06
3.99685e-05
5.40065e-06
3.98255e-05
4.97864e-06
3.95903e-05
4.02371e-06
3.93082e-05
3.53863e-06
3.90263e-05
3.84768e-06
3.87873e-05
4.81526e-06
3.86334e-05
6.51851e-06
3.85751e-05
7.81683e-06
3.86183e-05
8.44422e-06
3.87722e-05
8.67683e-06
3.90368e-05
8.01698e-06
3.9376e-05
7.52966e-06
3.97693e-05
7.47426e-06
4.01953e-05
7.42814e-06
7.55232e-06
4.06131e-05
3.91263e-05
5.38649e-06
3.91884e-05
2.97786e-06
3.92355e-05
9.44155e-07
3.92772e-05
-6.54197e-07
3.93199e-05
-1.75955e-06
3.93704e-05
-2.58226e-06
3.9434e-05
-2.79537e-06
3.95051e-05
-2.98089e-06
3.95808e-05
-3.06519e-06
3.96703e-05
-2.71385e-06
3.97505e-05
-2.64413e-06
3.98165e-05
-2.4503e-06
3.98778e-05
-2.09051e-06
3.99314e-05
-1.27938e-06
4.00074e-05
6.76181e-07
4.01051e-05
2.37743e-06
4.01999e-05
4.21029e-06
4.02531e-05
4.88639e-06
4.02193e-05
5.43441e-06
4.00997e-05
5.09827e-06
3.98836e-05
4.23982e-06
3.96183e-05
3.8039e-06
3.93547e-05
4.11132e-06
3.91384e-05
5.0315e-06
3.90154e-05
6.64156e-06
3.8995e-05
7.83723e-06
3.90817e-05
8.35754e-06
3.92839e-05
8.47455e-06
3.95993e-05
7.70159e-06
3.99921e-05
7.13693e-06
4.04433e-05
7.02299e-06
4.09317e-05
6.93983e-06
7.06794e-06
4.1416e-05
3.921e-05
5.28138e-06
3.92825e-05
2.90533e-06
3.93332e-05
8.93476e-07
3.9373e-05
-6.94051e-07
3.94101e-05
-1.79661e-06
3.94521e-05
-2.62426e-06
3.95064e-05
-2.84967e-06
3.95675e-05
-3.04197e-06
3.96329e-05
-3.13057e-06
3.97133e-05
-2.79429e-06
3.97848e-05
-2.71563e-06
3.98429e-05
-2.50836e-06
3.98979e-05
-2.14558e-06
3.99486e-05
-1.33001e-06
4.00293e-05
5.9544e-07
4.01387e-05
2.26805e-06
4.02527e-05
4.09625e-06
4.03285e-05
4.81057e-06
4.03201e-05
5.44286e-06
4.02248e-05
5.19352e-06
4.00299e-05
4.4348e-06
3.9784e-05
4.04973e-06
3.95411e-05
4.35424e-06
3.93494e-05
5.22317e-06
3.92578e-05
6.73317e-06
3.92748e-05
7.8203e-06
3.94029e-05
8.22941e-06
3.96501e-05
8.2273e-06
4.00115e-05
7.34028e-06
4.04517e-05
6.69666e-06
4.0954e-05
6.52076e-06
4.14968e-05
6.39698e-06
6.52523e-06
4.20395e-05
3.91622e-05
5.15892e-06
3.92442e-05
2.82329e-06
3.92976e-05
8.40053e-07
3.93348e-05
-7.31219e-07
3.93653e-05
-1.82713e-06
3.93978e-05
-2.65677e-06
3.94417e-05
-2.89354e-06
3.94915e-05
-3.09181e-06
3.95453e-05
-3.18431e-06
3.96152e-05
-2.86422e-06
3.96766e-05
-2.77705e-06
3.97256e-05
-2.55737e-06
3.97733e-05
-2.19325e-06
3.982e-05
-1.37672e-06
3.99042e-05
5.1119e-07
4.00239e-05
2.14845e-06
4.01557e-05
3.96438e-06
4.02532e-05
4.71308e-06
4.02701e-05
5.42602e-06
4.02001e-05
5.26344e-06
4.00283e-05
4.60666e-06
3.98044e-05
4.27362e-06
3.95846e-05
4.57405e-06
3.94192e-05
5.38855e-06
3.93595e-05
6.79284e-06
3.9413e-05
7.76686e-06
3.95804e-05
8.062e-06
3.98689e-05
7.93875e-06
4.0271e-05
6.9382e-06
4.07525e-05
6.21518e-06
4.12983e-05
5.97496e-06
4.18874e-05
5.80789e-06
5.93294e-06
4.24797e-05
3.89829e-05
5.02029e-06
3.90735e-05
2.73271e-06
3.91288e-05
7.84751e-07
3.91624e-05
-7.64859e-07
3.91856e-05
-1.85024e-06
3.92076e-05
-2.67877e-06
3.92398e-05
-2.9258e-06
3.92771e-05
-3.12914e-06
3.93179e-05
-3.22508e-06
3.93758e-05
-2.92214e-06
3.94258e-05
-2.82698e-06
3.94645e-05
-2.59609e-06
3.95036e-05
-2.23238e-06
3.95454e-05
-1.41846e-06
3.96319e-05
4.24689e-07
3.97602e-05
2.02011e-06
3.99085e-05
3.81612e-06
4.00266e-05
4.59491e-06
4.00687e-05
5.38394e-06
4.0025e-05
5.30713e-06
3.98783e-05
4.75342e-06
3.96788e-05
4.4731e-06
3.94844e-05
4.76843e-06
3.93469e-05
5.52601e-06
3.93196e-05
6.82017e-06
3.94086e-05
7.67787e-06
3.96129e-05
7.85768e-06
3.99389e-05
7.61279e-06
4.03763e-05
6.50077e-06
4.08924e-05
5.69912e-06
4.1474e-05
5.39337e-06
4.21006e-05
5.18125e-06
5.30026e-06
4.27333e-05
3.86722e-05
4.86661e-06
3.87704e-05
2.63456e-06
3.88267e-05
7.28426e-07
3.8856e-05
-7.94133e-07
3.88708e-05
-1.86504e-06
3.88813e-05
-2.68928e-06
3.89008e-05
-2.94527e-06
3.89243e-05
-3.15269e-06
3.89508e-05
-3.25154e-06
3.89952e-05
-2.96654e-06
3.90322e-05
-2.86401e-06
3.90594e-05
-2.62329e-06
3.90888e-05
-2.26182e-06
3.91246e-05
-1.45419e-06
3.9212e-05
3.37223e-07
3.93476e-05
1.88454e-06
3.95108e-05
3.65296e-06
3.96486e-05
4.45708e-06
3.97158e-05
5.31667e-06
3.96993e-05
5.32372e-06
3.95795e-05
4.87313e-06
3.94069e-05
4.64575e-06
3.92402e-05
4.93509e-06
3.91323e-05
5.63396e-06
3.91376e-05
6.81485e-06
3.92611e-05
7.5544e-06
3.94998e-05
7.61896e-06
3.98591e-05
7.25351e-06
4.03262e-05
6.03365e-06
4.08699e-05
5.1554e-06
4.14792e-05
4.78404e-06
4.21344e-05
4.52612e-06
4.63681e-06
4.27978e-05
3.82301e-05
4.699e-06
3.83348e-05
2.5298e-06
3.83913e-05
6.71934e-07
3.84154e-05
-8.1821e-07
3.8421e-05
-1.87066e-06
3.8419e-05
-2.68732e-06
3.84246e-05
-2.95081e-06
3.84331e-05
-3.16118e-06
3.84439e-05
-3.26235e-06
3.84733e-05
-2.99591e-06
3.8496e-05
-2.88675e-06
3.85104e-05
-2.63773e-06
3.8529e-05
-2.28039e-06
3.85577e-05
-1.48286e-06
3.86448e-05
2.5007e-07
3.87861e-05
1.74325e-06
3.89627e-05
3.4764e-06
3.91191e-05
4.30063e-06
3.92115e-05
5.22432e-06
3.92229e-05
5.31235e-06
3.91322e-05
4.96385e-06
3.89888e-05
4.78913e-06
3.88521e-05
5.07177e-06
3.87752e-05
5.71088e-06
3.88134e-05
6.77666e-06
3.89701e-05
7.39763e-06
3.92406e-05
7.34848e-06
3.9629e-05
6.86514e-06
4.012e-05
5.54264e-06
4.06843e-05
4.59111e-06
4.1313e-05
4.15528e-06
4.19873e-05
3.85185e-06
3.95253e-06
4.26716e-05
3.76565e-05
4.51871e-06
3.77669e-05
2.41943e-06
3.78227e-05
6.16131e-07
3.78407e-05
-8.36272e-07
3.78363e-05
-1.86625e-06
3.78209e-05
-2.67193e-06
3.78114e-05
-2.94129e-06
3.78036e-05
-3.15339e-06
3.77975e-05
-3.25621e-06
3.78103e-05
-3.00878e-06
3.78174e-05
-2.8938e-06
3.78179e-05
-2.63819e-06
3.78244e-05
-2.28695e-06
3.7845e-05
-1.50344e-06
3.79306e-05
1.64499e-07
3.80761e-05
1.59773e-06
3.82646e-05
3.2879e-06
3.84387e-05
4.12658e-06
3.8556e-05
5.10696e-06
3.85962e-05
5.27213e-06
3.85364e-05
5.02365e-06
3.84247e-05
4.90084e-06
3.83203e-05
5.17622e-06
3.82759e-05
5.75527e-06
3.83471e-05
6.70541e-06
3.8536e-05
7.20882e-06
3.88355e-05
7.04898e-06
3.92486e-05
6.45205e-06
3.97575e-05
5.0337e-06
4.03351e-05
4.01353e-06
4.09747e-05
3.51561e-06
4.16586e-05
3.16803e-06
3.25766e-06
4.23534e-05
3.69515e-05
4.32677e-06
3.70665e-05
2.30437e-06
3.71208e-05
5.61837e-07
3.71321e-05
-8.4754e-07
3.71168e-05
-1.85101e-06
3.70871e-05
-2.64222e-06
3.70614e-05
-2.91562e-06
3.70362e-05
-3.12813e-06
3.70118e-05
-3.23187e-06
3.70068e-05
-3.00372e-06
3.69968e-05
-2.88384e-06
3.69821e-05
-2.6235e-06
3.69756e-05
-2.28042e-06
3.69871e-05
-1.51495e-06
3.70699e-05
8.17457e-08
3.72181e-05
1.44945e-06
3.74171e-05
3.08894e-06
3.76078e-05
3.93592e-06
3.77501e-05
4.96464e-06
3.782e-05
5.20218e-06
3.77931e-05
5.05057e-06
3.77155e-05
4.97845e-06
3.76455e-05
5.24622e-06
3.76351e-05
5.76565e-06
3.77395e-05
6.60098e-06
3.79591e-05
6.98929e-06
3.82848e-05
6.72327e-06
3.87181e-05
6.0187e-06
3.92389e-05
4.51291e-06
3.98224e-05
3.43007e-06
4.04643e-05
2.87371e-06
4.11478e-05
2.48446e-06
2.56267e-06
4.18428e-05
3.6115e-05
4.12446e-06
3.62338e-05
2.18561e-06
3.62858e-05
5.09849e-07
3.62895e-05
-8.51283e-07
3.62627e-05
-1.82419e-06
3.62178e-05
-2.59734e-06
3.6175e-05
-2.87282e-06
3.61312e-05
-3.0843e-06
3.60875e-05
-3.18815e-06
3.60631e-05
-2.97936e-06
3.60349e-05
-2.8556e-06
3.60039e-05
-2.59256e-06
3.59833e-05
-2.25974e-06
3.59848e-05
-1.51644e-06
3.60635e-05
3.0067e-09
3.62131e-05
1.29984e-06
3.64211e-05
2.88093e-06
3.66274e-05
3.72964e-06
3.67946e-05
4.79743e-06
3.68952e-05
5.10162e-06
3.69031e-05
5.04267e-06
3.6862e-05
5.01955e-06
3.68286e-05
5.27955e-06
3.68537e-05
5.74057e-06
3.69914e-05
6.46326e-06
3.72403e-05
6.7404e-06
3.75893e-05
6.37425e-06
3.80384e-05
5.56961e-06
3.85649e-05
3.98644e-06
3.91467e-05
2.84825e-06
3.9782e-05
2.2384e-06
4.04554e-05
1.81107e-06
1.87822e-06
4.11399e-05
3.51471e-05
3.9128e-06
3.52687e-05
2.06401e-06
3.53177e-05
4.60876e-07
3.53133e-05
-8.46863e-07
3.52742e-05
-1.78516e-06
3.52135e-05
-2.53659e-06
3.51527e-05
-2.812e-06
3.50893e-05
-3.02091e-06
3.50251e-05
-3.12398e-06
3.49802e-05
-2.93448e-06
3.49325e-05
-2.8079e-06
3.48843e-05
-2.54434e-06
3.48485e-05
-2.22396e-06
3.48391e-05
-1.50705e-06
3.49127e-05
-7.05698e-08
3.50622e-05
1.15031e-06
3.52779e-05
2.6653e-06
3.54988e-05
3.50869e-06
3.56909e-05
4.60534e-06
3.5823e-05
4.96955e-06
3.58676e-05
4.99801e-06
3.58654e-05
5.02175e-06
3.5871e-05
5.27399e-06
3.5933e-05
5.67862e-06
3.6104e-05
6.29218e-06
3.63809e-05
6.46357e-06
3.67503e-05
6.00485e-06
3.72105e-05
5.10938e-06
3.77364e-05
3.46051e-06
3.8309e-05
2.27569e-06
3.89288e-05
1.6186e-06
3.95819e-05
1.15796e-06
1.21514e-06
4.0245e-05
3.40477e-05
3.69289e-06
3.41714e-05
1.94039e-06
3.42167e-05
4.15556e-07
3.42036e-05
-8.33751e-07
3.41518e-05
-1.73341e-06
3.40746e-05
-2.45939e-06
3.3995e-05
-2.73243e-06
3.39112e-05
-2.93712e-06
3.38257e-05
-3.03844e-06
3.37592e-05
-2.86793e-06
3.3691e-05
-2.73972e-06
3.36246e-05
-2.47793e-06
3.35728e-05
-2.1722e-06
3.35517e-05
-1.48597e-06
3.3619e-05
-1.37882e-07
3.37671e-05
1.00223e-06
3.3989e-05
2.44344e-06
3.42236e-05
3.27403e-06
3.44405e-05
4.38846e-06
3.4605e-05
4.80508e-06
3.46883e-05
4.91466e-06
3.47274e-05
4.98266e-06
3.47741e-05
5.22738e-06
3.48743e-05
5.57837e-06
3.50788e-05
6.08771e-06
3.53821e-05
6.16021e-06
3.5769e-05
5.61802e-06
3.62357e-05
4.64264e-06
3.67548e-05
2.94141e-06
3.73104e-05
1.72005e-06
3.79057e-05
1.02332e-06
3.85284e-05
5.35314e-07
5.84348e-07
3.91591e-05
3.28171e-05
3.46598e-06
3.29419e-05
1.81561e-06
3.2983e-05
3.74424e-07
3.29608e-05
-8.11567e-07
3.2896e-05
-1.66859e-06
3.2802e-05
-2.36534e-06
3.27031e-05
-2.63355e-06
3.25982e-05
-2.83226e-06
3.24906e-05
-2.93077e-06
3.24014e-05
-2.77878e-06
3.23118e-05
-2.65015e-06
3.22265e-05
-2.39256e-06
3.2158e-05
-2.10371e-06
3.21245e-05
-1.45247e-06
3.21845e-05
-1.97873e-07
3.23298e-05
8.5695e-07
3.25564e-05
2.21677e-06
3.28038e-05
3.02666e-06
3.30454e-05
4.14688e-06
3.3243e-05
4.6074e-06
3.3367e-05
4.79075e-06
3.34497e-05
4.89995e-06
3.35395e-05
5.13756e-06
3.36794e-05
5.43847e-06
3.39173e-05
5.84981e-06
3.42457e-05
5.8318e-06
3.4647e-05
5.21676e-06
3.51155e-05
4.17408e-06
3.56215e-05
2.43547e-06
3.61524e-05
1.18908e-06
3.67141e-05
4.61639e-07
3.7296e-05
-4.66109e-08
-3.15036e-09
3.78835e-05
3.1455e-05
3.23295e-06
3.15804e-05
1.69023e-06
3.1617e-05
3.37789e-07
3.15856e-05
-7.80161e-07
3.15077e-05
-1.59062e-06
3.13966e-05
-2.25428e-06
3.12781e-05
-2.51504e-06
3.11517e-05
-2.70589e-06
3.10214e-05
-2.80045e-06
3.09089e-05
-2.66627e-06
3.07972e-05
-2.53848e-06
3.06923e-05
-2.28761e-06
3.06065e-05
-2.01789e-06
3.05599e-05
-1.40595e-06
3.06116e-05
-2.49523e-07
3.07527e-05
7.15851e-07
3.09827e-05
1.98679e-06
3.12416e-05
2.7677e-06
3.15076e-05
3.88087e-06
3.17392e-05
4.37585e-06
3.19054e-05
4.62457e-06
3.20339e-05
4.7714e-06
3.2169e-05
5.00248e-06
3.23499e-05
5.25758e-06
3.26212e-05
5.57849e-06
3.29732e-05
5.4798e-06
3.33859e-05
4.80408e-06
3.38516e-05
3.70838e-06
3.4338e-05
1.94908e-06
3.48365e-05
6.90571e-07
3.53554e-05
-5.72924e-08
3.58863e-05
-5.77495e-07
-5.36302e-07
3.64195e-05
2.99617e-05
2.99474e-06
3.00872e-05
1.56471e-06
3.01192e-05
3.05745e-07
3.00787e-05
-7.39648e-07
2.99878e-05
-1.49967e-06
2.98598e-05
-2.12634e-06
2.97216e-05
-2.37684e-06
2.95736e-05
-2.55782e-06
2.94203e-05
-2.64718e-06
2.92839e-05
-2.52991e-06
2.91497e-05
-2.40428e-06
2.90248e-05
-2.1627e-06
2.89212e-05
-1.91428e-06
2.88611e-05
-1.34587e-06
2.89034e-05
-2.91836e-07
2.90389e-05
5.80363e-07
2.92706e-05
1.75512e-06
2.95399e-05
2.49845e-06
2.98298e-05
3.59092e-06
3.00957e-05
4.10998e-06
3.03056e-05
4.41459e-06
3.04821e-05
4.59497e-06
3.06644e-05
4.8202e-06
3.08875e-05
5.03445e-06
3.11922e-05
5.27379e-06
3.15663e-05
5.10569e-06
3.19874e-05
4.38302e-06
3.24455e-05
3.25029e-06
3.29059e-05
1.48863e-06
3.33641e-05
2.3237e-07
3.38311e-05
-5.24296e-07
3.43006e-05
-1.04703e-06
-1.0042e-06
3.47685e-05
2.83373e-05
2.75247e-06
2.84626e-05
1.4394e-06
2.84902e-05
2.78114e-07
2.8441e-05
-6.90462e-07
2.83376e-05
-1.39625e-06
2.81932e-05
-1.98196e-06
2.80356e-05
-2.21921e-06
2.7866e-05
-2.3882e-06
2.76898e-05
-2.47102e-06
2.75295e-05
-2.36955e-06
2.73726e-05
-2.24739e-06
2.72276e-05
-2.01773e-06
2.7106e-05
-1.79267e-06
2.7032e-05
-1.27185e-06
2.7064e-05
-3.23837e-07
2.71923e-05
4.52018e-07
2.74238e-05
1.52362e-06
2.77017e-05
2.22055e-06
2.80147e-05
3.27795e-06
2.83149e-05
3.80979e-06
2.85698e-05
4.15968e-06
2.87959e-05
4.3689e-06
2.90271e-05
4.58897e-06
2.92936e-05
4.76797e-06
2.96315e-05
4.9358e-06
3.00262e-05
4.711e-06
3.04526e-05
3.95662e-06
3.08984e-05
2.80456e-06
3.13264e-05
1.06061e-06
3.17364e-05
-1.77626e-07
3.21423e-05
-9.30176e-07
3.25402e-05
-1.44496e-06
-1.39599e-06
3.2932e-05
2.65818e-05
2.50657e-06
2.6707e-05
1.31413e-06
2.67309e-05
2.54282e-07
2.66739e-05
-6.33449e-07
2.65588e-05
-1.28124e-06
2.63988e-05
-1.82193e-06
2.62224e-05
-2.04277e-06
2.60317e-05
-2.19753e-06
2.58331e-05
-2.27239e-06
2.5649e-05
-2.18544e-06
2.54697e-05
-2.0681e-06
2.53049e-05
-1.85295e-06
2.51654e-05
-1.65317e-06
2.50773e-05
-1.1837e-06
2.5098e-05
-3.44568e-07
2.52175e-05
3.3251e-07
2.54466e-05
1.29452e-06
2.5731e-05
1.93617e-06
2.60654e-05
2.94349e-06
2.63993e-05
3.4759e-06
2.66997e-05
3.8593e-06
2.69767e-05
4.09192e-06
2.72582e-05
4.30741e-06
2.7569e-05
4.45721e-06
2.79401e-05
4.56473e-06
2.83538e-05
4.29726e-06
2.87825e-05
3.52794e-06
2.92111e-05
2.37598e-06
2.96002e-05
6.7152e-07
2.9954e-05
-5.31494e-07
3.02896e-05
-1.26578e-06
3.06059e-05
-1.76123e-06
-1.70138e-06
3.09113e-05
2.46956e-05
2.2579e-06
2.48211e-05
1.18854e-06
2.48422e-05
2.33229e-07
2.47786e-05
-5.69882e-07
2.46533e-05
-1.15593e-06
2.44788e-05
-1.64744e-06
2.42846e-05
-1.84855e-06
2.40739e-05
-1.98677e-06
2.38537e-05
-2.05226e-06
2.36467e-05
-1.9784e-06
2.34458e-05
-1.86726e-06
2.32621e-05
-1.66918e-06
2.31052e-05
-1.4963e-06
2.3003e-05
-1.08149e-06
2.30115e-05
-3.53108e-07
2.31203e-05
2.23748e-07
2.33443e-05
1.07053e-06
2.36322e-05
1.64823e-06
2.39857e-05
2.59004e-06
2.43516e-05
3.10995e-06
2.46971e-05
3.51383e-06
2.50255e-05
3.76352e-06
2.53582e-05
3.97466e-06
2.57139e-05
4.10158e-06
2.61177e-05
4.16092e-06
2.65489e-05
3.86608e-06
2.69767e-05
3.10008e-06
2.73834e-05
1.96935e-06
2.77269e-05
3.27929e-07
2.80168e-05
-8.21309e-07
2.82731e-05
-1.52211e-06
2.8498e-05
-1.98613e-06
-1.91065e-06
2.87073e-05
2.26786e-05
2.00644e-06
2.28056e-05
1.06157e-06
2.28254e-05
2.13373e-07
2.2757e-05
-5.01478e-07
2.26231e-05
-1.022e-06
2.24357e-05
-1.46008e-06
2.22252e-05
-1.63804e-06
2.19959e-05
-1.75746e-06
2.17559e-05
-1.81226e-06
2.15275e-05
-1.75003e-06
2.13068e-05
-1.64652e-06
2.11056e-05
-1.46797e-06
2.09325e-05
-1.32321e-06
2.08167e-05
-9.65666e-07
2.08122e-05
-3.48635e-07
2.09081e-05
1.27889e-07
2.11236e-05
8.55033e-07
2.14111e-05
1.36067e-06
2.17797e-05
2.22144e-06
2.21746e-05
2.71505e-06
2.25634e-05
3.12508e-06
2.29425e-05
3.38438e-06
2.33264e-05
3.59076e-06
2.37269e-05
3.70106e-06
2.41629e-05
3.725e-06
2.46098e-05
3.41916e-06
2.50337e-05
2.67614e-06
2.54136e-05
1.5895e-06
2.57051e-05
3.6402e-08
2.5923e-05
-1.03925e-06
2.60914e-05
-1.6905e-06
2.6216e-05
-2.11073e-06
-2.01547e-06
2.63208e-05
2.05314e-05
1.75212e-06
2.06612e-05
9.31755e-07
2.06819e-05
1.92729e-07
2.06107e-05
-4.3029e-07
2.04701e-05
-8.81432e-07
2.02719e-05
-1.26183e-06
2.00471e-05
-1.4133e-06
1.98016e-05
-1.51192e-06
1.95443e-05
-1.55501e-06
1.92973e-05
-1.50303e-06
1.90595e-05
-1.40867e-06
1.88434e-05
-1.25194e-06
1.86562e-05
-1.13596e-06
1.85278e-05
-8.3731e-07
1.85097e-05
-3.30541e-07
1.85903e-05
4.73334e-08
1.87931e-05
6.522e-07
1.9075e-05
1.07879e-06
1.9453e-05
1.8434e-06
1.98716e-05
2.29644e-06
2.02997e-05
2.69698e-06
2.0727e-05
2.95706e-06
2.11606e-05
3.15717e-06
2.16051e-05
3.25659e-06
2.2072e-05
3.25815e-06
2.25327e-05
2.95842e-06
2.29496e-05
2.25929e-06
2.32978e-05
1.24122e-06
2.35308e-05
-1.96553e-07
2.36693e-05
-1.17777e-06
2.37418e-05
-1.763e-06
2.37585e-05
-2.12743e-06
-2.0096e-06
2.37526e-05
1.82546e-05
1.4948e-06
1.8389e-05
7.97328e-07
1.84126e-05
1.69107e-07
1.83408e-05
-3.58492e-07
1.81958e-05
-7.36447e-07
1.79891e-05
-1.05514e-06
1.7753e-05
-1.1772e-06
1.74947e-05
-1.25359e-06
1.72242e-05
-1.28449e-06
1.69628e-05
-1.24163e-06
1.67122e-05
-1.15807e-06
1.64854e-05
-1.02516e-06
1.62873e-05
-9.3785e-07
1.61484e-05
-6.98391e-07
1.61165e-05
-2.98654e-07
1.61792e-05
-1.53893e-08
1.63643e-05
4.67089e-07
1.66336e-05
8.09576e-07
1.70128e-05
1.46412e-06
1.74469e-05
1.86236e-06
1.79073e-05
2.23662e-06
1.83773e-05
2.48702e-06
1.88567e-05
2.67775e-06
1.93426e-05
2.77077e-06
1.98382e-05
2.76251e-06
2.03104e-05
2.4862e-06
2.0717e-05
1.85276e-06
2.1029e-05
9.29201e-07
2.11971e-05
-3.64671e-07
2.12493e-05
-1.22998e-06
2.12194e-05
-1.73307e-06
2.1123e-05
-2.03102e-06
-1.89041e-06
2.10038e-05
1.5848e-05
1.23336e-06
1.59893e-05
6.56083e-07
1.6018e-05
1.4042e-07
1.59475e-05
-2.88082e-07
1.58005e-05
-5.89385e-07
1.55884e-05
-8.43101e-07
1.53451e-05
-9.3381e-07
1.50791e-05
-9.87617e-07
1.48013e-05
-1.00672e-06
1.45319e-05
-9.72256e-07
1.42751e-05
-9.0127e-07
1.40437e-05
-7.93727e-07
1.38398e-05
-7.33917e-07
1.36936e-05
-5.52214e-07
1.36486e-05
-2.53609e-07
1.3691e-05
-5.78843e-08
1.38526e-05
3.05542e-07
1.41003e-05
5.61859e-07
1.44696e-05
1.09485e-06
1.49069e-05
1.42504e-06
1.53879e-05
1.75561e-06
1.58907e-05
1.98418e-06
1.64082e-05
2.16024e-06
1.69298e-05
2.24919e-06
1.74502e-05
2.24211e-06
1.79307e-05
2.00576e-06
1.83234e-05
1.46001e-06
1.85947e-05
6.57906e-07
1.86923e-05
-4.62296e-07
1.86528e-05
-1.19044e-06
1.85166e-05
-1.59685e-06
1.83061e-05
-1.82056e-06
-1.66113e-06
1.80768e-05
1.33119e-05
9.67037e-07
1.34613e-05
5.06654e-07
1.34961e-05
1.05702e-07
1.34283e-05
-2.20364e-07
1.32817e-05
-4.42785e-07
1.30686e-05
-6.29972e-07
1.2824e-05
-6.89238e-07
1.25582e-05
-7.21745e-07
1.22821e-05
-7.30624e-07
1.20142e-05
-7.04352e-07
1.17606e-05
-6.47715e-07
1.15333e-05
-5.664e-07
1.13309e-05
-5.31528e-07
1.11827e-05
-4.03978e-07
1.11265e-05
-1.97409e-07
1.1147e-05
-7.84443e-08
1.12788e-05
1.73789e-07
1.14944e-05
3.46238e-07
1.18388e-05
7.50421e-07
1.2262e-05
1.00189e-06
1.27456e-05
1.27196e-06
1.32645e-05
1.46531e-06
1.3806e-05
1.61879e-06
1.43525e-05
1.70269e-06
1.48899e-05
1.70469e-06
1.53733e-05
1.52238e-06
1.57482e-05
1.08508e-06
1.59748e-05
4.31283e-07
1.59977e-05
-4.85196e-07
1.5864e-05
-1.05673e-06
1.56228e-05
-1.35569e-06
1.53049e-05
-1.50259e-06
-1.33439e-06
1.49781e-05
1.06454e-05
6.96594e-07
1.08016e-05
3.50413e-07
1.08407e-05
6.66058e-08
1.07759e-05
-1.55552e-07
1.06331e-05
-2.99957e-07
1.04255e-05
-4.22332e-07
1.01892e-05
-4.53008e-07
9.93523e-06
-4.67751e-07
9.67392e-06
-4.69312e-07
9.42095e-06
-4.51382e-07
9.18383e-06
-4.10598e-07
8.97271e-06
-3.5528e-07
8.78219e-06
-3.4101e-07
8.63969e-06
-2.61471e-07
8.57654e-06
-1.34259e-07
8.57508e-06
-7.6991e-08
8.67136e-06
7.75062e-08
8.84321e-06
1.7439e-07
9.14449e-06
4.49143e-07
9.52996e-06
6.16418e-07
9.98973e-06
8.12199e-07
1.04978e-05
9.5721e-07
1.10387e-05
1.07795e-06
1.15898e-05
1.15154e-06
1.21293e-05
1.1652e-06
1.2606e-05
1.04567e-06
1.29576e-05
7.33469e-07
1.31366e-05
2.52328e-07
1.30837e-05
-4.32271e-07
1.28597e-05
-8.32789e-07
1.2525e-05
-1.02095e-06
1.21193e-05
-1.09686e-06
-9.37897e-07
1.17228e-05
7.84388e-06
4.26068e-07
7.99947e-06
1.94825e-07
8.03682e-06
2.92592e-08
7.97453e-06
-9.32612e-08
7.84144e-06
-1.66867e-07
7.65058e-06
-2.31474e-07
7.438e-06
-2.40432e-07
7.21366e-06
-2.43406e-07
6.98588e-06
-2.41538e-07
6.76643e-06
-2.31928e-07
6.56348e-06
-2.07653e-07
6.38465e-06
-1.76443e-07
6.21986e-06
-1.7622e-07
6.0942e-06
-1.35817e-07
6.03158e-06
-7.16348e-08
6.01113e-06
-5.65462e-08
6.06863e-06
2.00055e-08
6.18574e-06
5.72855e-08
6.42318e-06
2.11699e-07
6.74124e-06
2.98359e-07
7.14006e-06
4.13378e-07
7.59648e-06
5.0079e-07
8.09584e-06
5.78593e-07
8.61492e-06
6.32456e-07
9.12725e-06
6.52863e-07
9.57793e-06
5.94987e-07
9.89675e-06
4.14649e-07
1.00268e-05
1.22298e-07
9.90386e-06
-3.09346e-07
9.60712e-06
-5.36052e-07
9.20961e-06
-6.2344e-07
8.75857e-06
-6.45816e-07
-5.21848e-07
8.34252e-06
4.89497e-06
1.72538e-07
5.02734e-06
6.24572e-08
5.05176e-06
4.83393e-09
4.99453e-06
-3.60289e-08
4.8846e-06
-5.69346e-08
4.73105e-06
-7.79209e-08
4.56694e-06
-7.63226e-08
4.39857e-06
-7.50395e-08
4.23044e-06
-7.34095e-08
4.0692e-06
-7.06913e-08
3.92315e-06
-6.1597e-08
3.79693e-06
-5.02274e-08
3.67556e-06
-5.48489e-08
3.58182e-06
-4.20706e-08
3.53169e-06
-2.1512e-08
3.50035e-06
-2.52057e-08
3.52162e-06
-1.26397e-09
3.57741e-06
1.50102e-09
3.73162e-06
5.74814e-08
3.94831e-06
8.16681e-08
4.23829e-06
1.234e-07
4.58416e-06
1.54924e-07
4.97681e-06
1.8594e-07
5.3985e-06
2.10763e-07
5.82562e-06
2.25747e-07
6.20749e-06
2.13116e-07
6.47195e-06
1.50191e-07
6.55508e-06
3.91711e-08
6.38564e-06
-1.3991e-07
6.06547e-06
-2.15886e-07
5.67546e-06
-2.33424e-07
5.26059e-06
-2.30947e-07
-1.68376e-07
4.90712e-06
1.75251e-06
1.81497e-06
1.8198e-06
1.78377e-06
1.72684e-06
1.64892e-06
1.57259e-06
1.49755e-06
1.42414e-06
1.35345e-06
1.29186e-06
1.24163e-06
1.18678e-06
1.14471e-06
1.1232e-06
1.09799e-06
1.09673e-06
1.09823e-06
1.15571e-06
1.23738e-06
1.36078e-06
1.5157e-06
1.70164e-06
1.9124e-06
2.13815e-06
2.35127e-06
2.50146e-06
2.54063e-06
2.40072e-06
2.18483e-06
1.95141e-06
1.72046e-06
1.55209e-06
2.29505e-07
6.75392e-08
1.78956e-07
5.05489e-08
1.41513e-07
3.74427e-08
1.11196e-07
3.03169e-08
8.79044e-08
2.32917e-08
7.06984e-08
1.7206e-08
5.60463e-08
1.46521e-08
4.39682e-08
1.20781e-08
3.42527e-08
9.71549e-09
2.97477e-08
4.50502e-09
2.75894e-08
2.1583e-09
2.94652e-08
-1.87575e-09
3.78202e-08
-8.35508e-09
5.38642e-08
-1.6044e-08
7.66852e-08
-2.2821e-08
1.0732e-07
-3.0635e-08
1.47595e-07
-4.02745e-08
1.95489e-07
-4.78939e-08
2.58734e-07
-6.32457e-08
3.24474e-07
-6.57397e-08
4.04853e-07
-8.03787e-08
4.92097e-07
-8.7244e-08
-9.42458e-08
5.86342e-07
1.01761e-06
2.98589e-07
8.33796e-07
2.34363e-07
6.9066e-07
1.80579e-07
5.7561e-07
1.45367e-07
4.84804e-07
1.14098e-07
4.15306e-07
8.67038e-08
3.59402e-07
7.05565e-08
3.14824e-07
5.66561e-08
2.80542e-07
4.39977e-08
2.62755e-07
2.22918e-08
2.57728e-07
7.18471e-09
2.6907e-07
-1.32172e-08
3.03419e-07
-4.27046e-08
3.63302e-07
-7.59263e-08
4.45853e-07
-1.05372e-07
5.51731e-07
-1.36513e-07
6.82646e-07
-1.71189e-07
8.3551e-07
-2.00758e-07
1.01854e-06
-2.46273e-07
1.21358e-06
-2.60786e-07
1.43459e-06
-3.01386e-07
1.66878e-06
-3.21437e-07
-3.38223e-07
1.91276e-06
2.12586e-06
7.09961e-07
1.78612e-06
5.74105e-07
1.51231e-06
4.54391e-07
1.28888e-06
3.68789e-07
1.10973e-06
2.93254e-07
9.70329e-07
2.26103e-07
8.59484e-07
1.81401e-07
7.73037e-07
1.43103e-07
7.08511e-07
1.08523e-07
6.75306e-07
5.54973e-08
6.68775e-07
1.37154e-08
6.94472e-07
-3.89138e-08
7.62185e-07
-1.10418e-07
8.74241e-07
-1.87983e-07
1.02469e-06
-2.55817e-07
1.21237e-06
-3.24196e-07
1.43746e-06
-3.96278e-07
1.69459e-06
-4.57888e-07
1.99096e-06
-5.42643e-07
2.30394e-06
-5.73764e-07
2.64736e-06
-6.44815e-07
3.00404e-06
-6.78116e-07
-7.02243e-07
3.36806e-06
3.54937e-06
1.29676e-06
3.04728e-06
1.0762e-06
2.62918e-06
8.7249e-07
2.28023e-06
7.1774e-07
1.99488e-06
5.78604e-07
1.76874e-06
4.52238e-07
1.58811e-06
3.62028e-07
1.44789e-06
2.83324e-07
1.34425e-06
2.12167e-07
1.29006e-06
1.09689e-07
1.27943e-06
2.43441e-08
1.31968e-06
-7.91682e-08
1.42304e-06
-2.13772e-07
1.59023e-06
-3.55175e-07
1.81097e-06
-4.76562e-07
2.08107e-06
-5.94289e-07
2.39802e-06
-7.13228e-07
2.75353e-06
-8.13395e-07
3.1532e-06
-9.42315e-07
3.56986e-06
-9.90428e-07
4.01746e-06
-1.09241e-06
4.47506e-06
-1.13571e-06
-1.16276e-06
4.93558e-06
5.25546e-06
2.0354e-06
4.60166e-06
1.73001e-06
4.03971e-06
1.43444e-06
3.5586e-06
1.19885e-06
3.15621e-06
9.80999e-07
2.83058e-06
7.77871e-07
2.56718e-06
6.25421e-07
2.36138e-06
4.89132e-07
2.20855e-06
3.64988e-07
2.12558e-06
1.9266e-07
2.10537e-06
4.45569e-08
2.15676e-06
-1.30556e-07
2.29373e-06
-3.50743e-07
2.51425e-06
-5.75698e-07
2.80275e-06
-7.6506e-07
3.15094e-06
-9.42479e-07
3.55289e-06
-1.11518e-06
3.99718e-06
-1.25769e-06
4.48742e-06
-1.43255e-06
4.99244e-06
-1.49545e-06
5.52657e-06
-1.62655e-06
6.06605e-06
-1.67519e-06
-1.70034e-06
6.60363e-06
7.19845e-06
2.89053e-06
6.41719e-06
2.51127e-06
5.72513e-06
2.12649e-06
5.11686e-06
1.80712e-06
4.59575e-06
1.50211e-06
4.16441e-06
1.20921e-06
3.80947e-06
9.80356e-07
3.52846e-06
7.70142e-07
3.31693e-06
5.76515e-07
3.19648e-06
3.13116e-07
3.15924e-06
8.1799e-08
3.2155e-06
-1.86825e-07
3.38052e-06
-5.15754e-07
3.64859e-06
-8.43776e-07
3.99827e-06
-1.11474e-06
4.41646e-06
-1.36066e-06
4.89329e-06
-1.59201e-06
5.41434e-06
-1.77874e-06
5.98099e-06
-1.9992e-06
6.55878e-06
-2.07324e-06
7.16275e-06
-2.23052e-06
7.76699e-06
-2.27943e-06
-2.29809e-06
8.36474e-06
9.32731e-06
3.82177e-06
8.45153e-06
3.38704e-06
7.65358e-06
2.92445e-06
6.9338e-06
2.52689e-06
6.302e-06
2.13392e-06
5.76673e-06
1.74448e-06
5.3175e-06
1.42958e-06
4.95574e-06
1.13189e-06
4.67825e-06
8.54011e-07
4.51216e-06
4.79202e-07
4.44966e-06
1.44303e-07
4.50268e-06
-2.39849e-07
4.68746e-06
-7.00529e-07
4.99418e-06
-1.1505e-06
5.39531e-06
-1.51587e-06
5.87253e-06
-1.83788e-06
6.41182e-06
-2.13131e-06
6.99596e-06
-2.36288e-06
7.62409e-06
-2.62733e-06
8.25909e-06
-2.70824e-06
8.91696e-06
-2.88838e-06
9.57009e-06
-2.93256e-06
-2.94059e-06
1.02126e-05
1.15904e-05
4.7898e-06
1.0656e-05
4.3214e-06
9.78238e-06
3.79811e-06
8.97453e-06
3.33474e-06
8.24836e-06
2.86008e-06
7.61876e-06
2.37409e-06
7.07921e-06
1.96913e-06
6.63642e-06
1.57468e-06
6.28937e-06
1.20106e-06
6.07148e-06
6.9709e-07
5.97599e-06
2.39799e-07
6.01689e-06
-2.80755e-07
6.21144e-06
-8.9508e-07
6.54567e-06
-1.48473e-06
6.98622e-06
-1.95642e-06
7.50945e-06
-2.3611e-06
8.09718e-06
-2.71904e-06
8.72977e-06
-2.99546e-06
9.40411e-06
-3.30167e-06
1.0081e-05
-3.38515e-06
1.07776e-05
-3.58495e-06
1.14648e-05
-3.61983e-06
-3.61368e-06
1.21379e-05
1.3942e-05
5.75795e-06
1.29855e-05
5.27792e-06
1.20697e-05
4.71388e-06
1.12028e-05
4.20166e-06
1.04055e-05
3.65739e-06
9.69842e-06
3.08113e-06
9.07943e-06
2.58812e-06
8.56127e-06
2.09284e-06
8.14579e-06
1.61655e-06
7.87315e-06
9.69725e-07
7.73872e-06
3.74227e-07
7.75916e-06
-3.01189e-07
7.95301e-06
-1.08893e-06
8.30252e-06
-1.83423e-06
8.76918e-06
-2.42309e-06
9.32419e-06
-2.91611e-06
9.94539e-06
-3.34024e-06
1.06111e-05
-3.66118e-06
1.1316e-05
-4.00658e-06
1.20194e-05
-4.08853e-06
1.27395e-05
-4.30502e-06
1.34461e-05
-4.32643e-06
-4.30303e-06
1.41354e-05
1.63409e-05
6.69508e-06
1.53954e-05
6.22335e-06
1.44706e-05
5.63869e-06
1.35756e-05
5.09664e-06
1.27344e-05
4.49862e-06
1.19721e-05
3.84343e-06
1.12904e-05
3.26981e-06
1.07083e-05
2.67495e-06
1.02306e-05
2.09422e-06
9.90437e-06
1.29598e-06
9.72793e-06
5.50665e-07
9.72119e-06
-2.94446e-07
9.90445e-06
-1.2722e-06
1.02569e-05
-2.18669e-06
1.0736e-05
-2.90216e-06
1.13081e-05
-3.48823e-06
1.19475e-05
-3.97962e-06
1.26309e-05
-4.34462e-06
1.33509e-05
-4.72656e-06
1.40657e-05
-4.8033e-06
1.47945e-05
-5.03383e-06
1.55061e-05
-5.03807e-06
-4.99477e-06
1.61979e-05
1.87515e-05
7.57636e-06
1.78454e-05
7.12945e-06
1.69415e-05
6.54254e-06
1.60485e-05
5.98966e-06
1.51917e-05
5.35543e-06
1.43992e-05
4.63596e-06
1.36756e-05
3.99339e-06
1.30455e-05
3.30499e-06
1.25166e-05
2.62314e-06
1.21421e-05
1.67054e-06
1.19239e-05
7.68789e-07
1.18857e-05
-2.56244e-07
1.205e-05
-1.43645e-06
1.23938e-05
-2.5305e-06
1.28719e-05
-3.38024e-06
1.34467e-05
-4.063e-06
1.40891e-05
-4.6221e-06
1.47752e-05
-5.03069e-06
1.54951e-05
-5.44649e-06
1.62067e-05
-5.51486e-06
1.693e-05
-5.75716e-06
1.7633e-05
-5.74103e-06
-5.67563e-06
1.83139e-05
2.11421e-05
8.38453e-06
2.02966e-05
7.97494e-06
1.94379e-05
7.40123e-06
1.85728e-05
6.85473e-06
1.77266e-05
6.20166e-06
1.69286e-05
5.43399e-06
1.61852e-05
4.7368e-06
1.55256e-05
3.96455e-06
1.49595e-05
3.18927e-06
1.45452e-05
2.0848e-06
1.42887e-05
1.02529e-06
1.42172e-05
-1.84709e-07
1.43557e-05
-1.57494e-06
1.46803e-05
-2.85515e-06
1.51447e-05
-3.84465e-06
1.57082e-05
-4.62645e-06
1.63392e-05
-5.25309e-06
1.70133e-05
-5.70479e-06
1.77187e-05
-6.15193e-06
1.84132e-05
-6.20939e-06
1.91178e-05
-6.46173e-06
1.97994e-05
-6.42266e-06
-6.33361e-06
2.04574e-05
2.34914e-05
9.1036e-06
2.2726e-05
8.74033e-06
2.1935e-05
8.19224e-06
2.11226e-05
7.66709e-06
2.03129e-05
7.01142e-06
1.95348e-05
6.212e-06
1.87956e-05
5.47606e-06
1.81278e-05
4.63237e-06
1.7542e-05
3.77507e-06
1.71005e-05
2.5263e-06
1.68128e-05
1.31296e-06
1.67097e-05
-8.15784e-08
1.68188e-05
-1.68407e-06
1.71164e-05
-3.15274e-06
1.75566e-05
-4.28483e-06
1.80965e-05
-5.16639e-06
1.87029e-05
-5.85946e-06
1.93516e-05
-6.35352e-06
2.00289e-05
-6.82927e-06
2.06933e-05
-6.87371e-06
2.1366e-05
-7.13445e-06
2.20136e-05
-7.07025e-06
-6.95622e-06
2.26362e-05
2.57747e-05
9.72462e-06
2.51018e-05
9.4133e-06
2.4394e-05
8.9e-06
2.36529e-05
8.40821e-06
2.29002e-05
7.76408e-06
2.21639e-05
6.94832e-06
2.14504e-05
6.18954e-06
2.07946e-05
5.28818e-06
2.0207e-05
4.36271e-06
1.9752e-05
2.98132e-06
1.94421e-05
1.6228e-06
1.93111e-05
4.94374e-08
1.93891e-05
-1.76206e-06
1.96533e-05
-3.41699e-06
2.00601e-05
-4.69158e-06
2.05655e-05
-5.67179e-06
2.11352e-05
-6.42919e-06
2.17463e-05
-6.96457e-06
2.23831e-05
-7.46609e-06
2.30053e-05
-7.49589e-06
2.36346e-05
-7.76375e-06
2.42371e-05
-7.67275e-06
-7.53293e-06
2.48138e-05
2.79757e-05
1.024e-05
2.74055e-05
9.98351e-06
2.67941e-05
9.51138e-06
2.61401e-05
9.06222e-06
2.54628e-05
8.4414e-06
2.47879e-05
7.62319e-06
2.41207e-05
6.85679e-06
2.34969e-05
5.91198e-06
2.29259e-05
4.93367e-06
2.24727e-05
3.43456e-06
2.21519e-05
1.94355e-06
2.19994e-05
2.01942e-07
2.20474e-05
-1.81e-06
2.22747e-05
-3.64434e-06
2.26413e-05
-5.05819e-06
2.31034e-05
-6.1339e-06
2.36265e-05
-6.95228e-06
2.41894e-05
-7.52739e-06
2.47748e-05
-8.05154e-06
2.53443e-05
-8.0654e-06
2.59197e-05
-8.33914e-06
2.6467e-05
-8.22004e-06
-8.05395e-06
2.6988e-05
3.00761e-05
1.06465e-05
2.9614e-05
1.04456e-05
2.91068e-05
1.00185e-05
2.85505e-05
9.61853e-06
2.79616e-05
9.03029e-06
2.73633e-05
8.22152e-06
2.67588e-05
7.46125e-06
2.61841e-05
6.48675e-06
2.56464e-05
5.47137e-06
2.52094e-05
3.87157e-06
2.48891e-05
2.26384e-06
2.47223e-05
3.68722e-07
2.47425e-05
-1.83021e-06
2.49309e-05
-3.83275e-06
2.52522e-05
-5.37951e-06
2.56638e-05
-6.54548e-06
2.61318e-05
-7.42023e-06
2.66373e-05
-8.03292e-06
2.7162e-05
-8.5762e-06
2.76697e-05
-8.57316e-06
2.81823e-05
-8.85167e-06
2.86658e-05
-8.70364e-06
-8.51123e-06
2.91231e-05
3.20648e-05
1.09398e-05
3.17168e-05
1.07936e-05
3.13217e-05
1.04136e-05
3.08731e-05
1.00671e-05
3.03848e-05
9.51859e-06
2.98771e-05
8.72923e-06
2.93511e-05
7.98726e-06
2.88418e-05
6.99603e-06
2.8354e-05
5.95925e-06
2.79484e-05
4.27712e-06
2.76414e-05
2.57079e-06
2.74698e-05
5.40357e-07
2.74674e-05
-1.82781e-06
2.76179e-05
-3.98324e-06
2.78918e-05
-5.6534e-06
2.82485e-05
-6.90219e-06
2.86555e-05
-7.82723e-06
2.90971e-05
-8.47449e-06
2.95537e-05
-9.03287e-06
2.99926e-05
-9.01204e-06
3.0435e-05
-9.29404e-06
3.08478e-05
-9.11644e-06
-8.89784e-06
3.12344e-05
3.39216e-05
1.11244e-05
3.36849e-05
1.10304e-05
3.34009e-05
1.06976e-05
3.30611e-05
1.04069e-05
3.26768e-05
9.90286e-06
3.22654e-05
9.14071e-06
3.18256e-05
8.42706e-06
3.1391e-05
7.43056e-06
3.09633e-05
6.38695e-06
3.05993e-05
4.64119e-06
3.03145e-05
2.85557e-06
3.01444e-05
7.10388e-07
3.01225e-05
-1.80586e-06
3.02348e-05
-4.09554e-06
3.04584e-05
-5.87701e-06
3.07556e-05
-7.19939e-06
3.1096e-05
-8.16759e-06
3.14673e-05
-8.84586e-06
3.18495e-05
-9.41509e-06
3.22135e-05
-9.37595e-06
3.25798e-05
-9.66037e-06
3.29165e-05
-9.45318e-06
-9.20914e-06
3.32278e-05
3.56434e-05
1.11978e-05
3.55211e-05
1.11527e-05
3.53524e-05
1.08663e-05
3.51271e-05
1.06322e-05
3.4854e-05
1.01759e-05
3.45476e-05
9.44717e-06
3.42043e-05
8.77028e-06
3.38561e-05
7.7788e-06
3.3501e-05
6.74203e-06
3.31909e-05
4.95135e-06
3.29399e-05
3.10659e-06
3.27812e-05
8.69044e-07
3.27467e-05
-1.77134e-06
3.28249e-05
-4.17371e-06
3.29997e-05
-6.05183e-06
3.3237e-05
-7.43668e-06
3.35089e-05
-8.43956e-06
3.38074e-05
-9.14434e-06
3.41119e-05
-9.71953e-06
3.43974e-05
-9.66151e-06
3.46839e-05
-9.9469e-06
3.49409e-05
-9.71018e-06
-9.44146e-06
3.51733e-05
3.72135e-05
1.11649e-05
3.72015e-05
1.11647e-05
3.7145e-05
1.09227e-05
3.70326e-05
1.07446e-05
3.68707e-05
1.03378e-05
3.66708e-05
9.64703e-06
3.64276e-05
9.0135e-06
3.61706e-05
8.0358e-06
3.58945e-05
7.01808e-06
3.56453e-05
5.20057e-06
3.54351e-05
3.31678e-06
3.5294e-05
1.0102e-06
3.52512e-05
-1.72853e-06
3.52974e-05
-4.21994e-06
3.54238e-05
-6.17821e-06
3.56001e-05
-7.61304e-06
3.58018e-05
-8.64124e-06
3.6025e-05
-9.36747e-06
3.62489e-05
-9.94348e-06
3.64536e-05
-9.86617e-06
3.66578e-05
-1.01511e-05
3.68329e-05
-9.88531e-06
-9.59308e-06
3.69845e-05
3.86229e-05
1.10314e-05
3.87162e-05
1.10715e-05
3.87676e-05
1.08712e-05
3.87648e-05
1.07475e-05
3.8712e-05
1.03905e-05
3.86182e-05
9.74091e-06
3.84759e-05
9.15574e-06
3.83125e-05
8.19922e-06
3.81193e-05
7.21126e-06
3.79358e-05
5.38409e-06
3.77717e-05
3.48092e-06
3.7653e-05
1.12888e-06
3.76058e-05
-1.68133e-06
3.76226e-05
-4.23681e-06
3.77018e-05
-6.25734e-06
3.78174e-05
-7.72864e-06
3.79483e-05
-8.77216e-06
3.80951e-05
-9.51426e-06
3.82374e-05
-1.00858e-05
3.83601e-05
-9.98893e-06
3.8481e-05
-1.0272e-05
3.85735e-05
-9.97787e-06
-9.6636e-06
3.8644e-05
3.98689e-05
1.07983e-05
4.00665e-05
1.08739e-05
4.02254e-05
1.07123e-05
4.03323e-05
1.06406e-05
4.03898e-05
1.03331e-05
4.04038e-05
9.72682e-06
4.03658e-05
9.19382e-06
4.03002e-05
8.26481e-06
4.01954e-05
7.31609e-06
4.00839e-05
5.49556e-06
3.99727e-05
3.59207e-06
3.98835e-05
1.2181e-06
3.98383e-05
-1.63609e-06
3.98312e-05
-4.22974e-06
3.98674e-05
-6.29348e-06
3.99256e-05
-7.78685e-06
3.99884e-05
-8.83502e-06
4.0061e-05
-9.5868e-06
4.01233e-05
-1.01481e-05
4.01658e-05
-1.00315e-05
4.02047e-05
-1.03108e-05
4.02161e-05
-9.98932e-06
-9.65448e-06
4.0207e-05
4.09314e-05
1.048e-05
4.12193e-05
1.0586e-05
4.14722e-05
1.04594e-05
4.16762e-05
1.04366e-05
4.18321e-05
1.01772e-05
4.19437e-05
9.61523e-06
4.20008e-05
9.13668e-06
4.20255e-05
8.24014e-06
4.20032e-05
7.33839e-06
4.19594e-05
5.53932e-06
4.18983e-05
3.6532e-06
4.18365e-05
1.27988e-06
4.17917e-05
-1.59124e-06
4.17593e-05
-4.19741e-06
4.17511e-05
-6.28522e-06
4.17505e-05
-7.7863e-06
4.17442e-05
-8.82867e-06
4.17415e-05
-9.58409e-06
4.17233e-05
-1.01299e-05
4.16855e-05
-9.9937e-06
4.16427e-05
-1.0268e-05
4.1574e-05
-9.92064e-06
-9.56734e-06
4.14869e-05
4.182e-05
1.00761e-05
4.21986e-05
1.02074e-05
4.25458e-05
1.01122e-05
4.28476e-05
1.01348e-05
4.31032e-05
9.92162e-06
4.33138e-05
9.40456e-06
4.34685e-05
8.98199e-06
4.35865e-05
8.12221e-06
4.36507e-05
7.27419e-06
4.36795e-05
5.51045e-06
4.36742e-05
3.65849e-06
4.36464e-05
1.30771e-06
4.36088e-05
-1.55366e-06
4.35582e-05
-4.14679e-06
4.35122e-05
-6.23917e-06
4.34591e-05
-7.73325e-06
4.33896e-05
-8.75912e-06
4.33171e-05
-9.51165e-06
4.32237e-05
-1.00365e-05
4.31108e-05
-9.88079e-06
4.29911e-05
-1.01482e-05
4.28469e-05
-9.77651e-06
-9.40667e-06
4.26863e-05
4.25167e-05
9.59888e-06
4.29736e-05
9.75046e-06
4.34029e-05
9.68294e-06
4.37907e-05
9.74705e-06
4.41345e-05
9.57775e-06
4.44338e-05
9.10531e-06
4.46766e-05
8.7392e-06
4.48793e-05
7.91946e-06
4.5023e-05
7.1305e-06
4.51189e-05
5.41454e-06
4.51654e-05
3.61201e-06
4.51689e-05
1.30421e-06
4.51372e-05
-1.52195e-06
4.5068e-05
-4.0776e-06
4.49845e-05
-6.15562e-06
4.48798e-05
-7.62857e-06
4.47485e-05
-8.62783e-06
4.46081e-05
-9.37124e-06
4.44418e-05
-9.87025e-06
4.42565e-05
-9.69547e-06
4.40628e-05
-9.95453e-06
4.38468e-05
-9.56049e-06
-9.17646e-06
4.36166e-05
4.30212e-05
9.05735e-06
4.35473e-05
9.22436e-06
4.40495e-05
9.18071e-06
4.45143e-05
9.28232e-06
4.49379e-05
9.15413e-06
4.53176e-05
8.7256e-06
4.56412e-05
8.41563e-06
4.59221e-05
7.6385e-06
4.61399e-05
6.91276e-06
4.62987e-05
5.25573e-06
4.63943e-05
3.51642e-06
4.64279e-05
1.27053e-06
4.64024e-05
-1.49642e-06
4.63163e-05
-3.9915e-06
4.61977e-05
-6.037e-06
4.60445e-05
-7.47538e-06
4.58552e-05
-8.43851e-06
4.56508e-05
-9.16682e-06
4.5416e-05
-9.63544e-06
4.51629e-05
-9.44246e-06
4.49002e-05
-9.69182e-06
4.46175e-05
-9.27774e-06
-8.88204e-06
4.43231e-05
4.33352e-05
8.45545e-06
4.39262e-05
8.63334e-06
4.4497e-05
8.60994e-06
4.50344e-05
8.74493e-06
4.55335e-05
8.65498e-06
4.59898e-05
8.26932e-06
4.63908e-05
8.01463e-06
4.67471e-05
7.28218e-06
4.70369e-05
6.6229e-06
4.72578e-05
5.03486e-06
4.7403e-05
3.37125e-06
4.74688e-05
1.20476e-06
4.74528e-05
-1.4805e-06
4.73547e-05
-3.89335e-06
4.72066e-05
-5.88892e-06
4.70112e-05
-7.27992e-06
4.67706e-05
-8.19798e-06
4.65092e-05
-8.90535e-06
4.62131e-05
-9.33942e-06
4.58998e-05
-9.12911e-06
4.55753e-05
-9.36738e-06
4.52333e-05
-8.93568e-06
-8.53084e-06
4.48821e-05
4.3442e-05
7.81124e-06
4.40797e-05
7.99569e-06
4.47006e-05
7.98903e-06
4.52924e-05
8.15316e-06
4.58491e-05
8.09826e-06
4.63644e-05
7.754e-06
4.68261e-05
7.55294e-06
4.72418e-05
6.86647e-06
4.75891e-05
6.27559e-06
4.7859e-05
4.76499e-06
4.80426e-05
3.18768e-06
4.81315e-05
1.11587e-06
4.81185e-05
-1.46755e-06
4.80041e-05
-3.7789e-06
4.7824e-05
-5.70889e-06
4.75854e-05
-7.04125e-06
4.72941e-05
-7.90671e-06
4.69769e-05
-8.5882e-06
4.66221e-05
-8.98462e-06
4.62516e-05
-8.75862e-06
4.58693e-05
-8.985e-06
4.54724e-05
-8.53881e-06
-8.12787e-06
4.50694e-05
4.33515e-05
7.13129e-06
4.40288e-05
7.31842e-06
4.46925e-05
7.32528e-06
4.53313e-05
7.51438e-06
4.59382e-05
7.49133e-06
4.65054e-05
7.18684e-06
4.7021e-05
7.03733e-06
4.74897e-05
6.39774e-06
4.7889e-05
5.87633e-06
4.82035e-05
4.45047e-06
4.84227e-05
2.96853e-06
4.85336e-05
1.00494e-06
4.85246e-05
-1.45858e-06
4.8397e-05
-3.65122e-06
4.81894e-05
-5.50132e-06
4.79131e-05
-6.76496e-06
4.75777e-05
-7.57127e-06
4.72118e-05
-8.22237e-06
4.68059e-05
-8.57867e-06
4.63861e-05
-8.33883e-06
4.59537e-05
-8.55263e-06
4.55102e-05
-8.09525e-06
-7.68131e-06
4.50636e-05
4.30589e-05
6.42587e-06
4.37651e-05
6.61221e-06
4.44607e-05
6.62967e-06
4.51354e-05
6.83966e-06
4.57815e-05
6.84524e-06
4.63896e-05
6.5787e-06
4.69488e-05
6.4782e-06
4.74605e-05
5.88596e-06
4.79027e-05
5.43416e-06
4.82541e-05
4.09905e-06
4.85028e-05
2.71992e-06
4.86317e-05
8.7602e-07
4.86249e-05
-1.45186e-06
4.84847e-05
-3.511e-06
4.8252e-05
-5.26859e-06
4.7942e-05
-6.45492e-06
4.75675e-05
-7.19679e-06
4.71588e-05
-7.8137e-06
4.67084e-05
-8.12825e-06
4.62464e-05
-7.87682e-06
4.57714e-05
-8.07766e-06
4.52889e-05
-7.61273e-06
-7.19904e-06
4.48066e-05
4.25631e-05
5.70565e-06
4.3287e-05
5.88823e-06
4.4003e-05
5.91368e-06
4.4702e-05
6.14065e-06
4.53756e-05
6.17166e-06
4.60132e-05
5.94111e-06
4.66047e-05
5.88669e-06
4.71488e-05
5.34186e-06
4.76241e-05
4.95891e-06
4.80039e-05
3.71925e-06
4.82751e-05
2.44869e-06
4.84172e-05
7.33867e-07
4.84105e-05
-1.44516e-06
4.82581e-05
-3.3586e-06
4.80025e-05
-5.01295e-06
4.76625e-05
-6.11495e-06
4.72542e-05
-6.7885e-06
4.68087e-05
-7.36818e-06
4.63207e-05
-7.64028e-06
4.58238e-05
-7.37992e-06
4.53139e-05
-7.56775e-06
4.48004e-05
-7.09923e-06
-6.6892e-06
4.42906e-05
4.1864e-05
4.98146e-06
4.25945e-05
5.15779e-06
4.33192e-05
5.18902e-06
4.40306e-05
5.42921e-06
4.47197e-05
5.48251e-06
4.53749e-05
5.28592e-06
4.59874e-05
5.27427e-06
4.65527e-05
4.77655e-06
4.70508e-05
4.46082e-06
4.745e-05
3.32003e-06
4.77366e-05
2.16209e-06
4.78869e-05
5.83549e-07
4.78777e-05
-1.43601e-06
4.77134e-05
-3.19427e-06
4.74371e-05
-4.73661e-06
4.70711e-05
-5.74902e-06
4.66344e-05
-6.35178e-06
4.61583e-05
-6.89205e-06
4.56399e-05
-7.12192e-06
4.51157e-05
-6.85571e-06
4.45788e-05
-7.03084e-06
4.40426e-05
-6.56301e-06
-6.1602e-06
4.35136e-05
4.09619e-05
4.26459e-06
4.1687e-05
4.43269e-06
4.24081e-05
4.46786e-06
4.31196e-05
4.71773e-06
4.38118e-05
4.79028e-06
4.44722e-05
4.62554e-06
4.50935e-05
4.65302e-06
4.56682e-05
4.20177e-06
4.61783e-05
3.95079e-06
4.65873e-05
2.91099e-06
4.68814e-05
1.868e-06
4.70342e-05
4.30714e-07
4.70197e-05
-1.42148e-06
4.68434e-05
-3.01791e-06
4.65483e-05
-4.44156e-06
4.61602e-05
-5.36088e-06
4.57003e-05
-5.89193e-06
4.51997e-05
-6.39144e-06
4.46581e-05
-6.58032e-06
4.41142e-05
-6.31175e-06
4.35582e-05
-6.47484e-06
4.30074e-05
-6.01228e-06
-5.62038e-06
4.24676e-05
3.98569e-05
3.56687e-06
4.05643e-05
3.72529e-06
4.12692e-05
3.76296e-06
4.19677e-05
4.01918e-06
4.26499e-05
4.10805e-06
4.33025e-05
3.97301e-06
4.39198e-05
4.03569e-06
4.44917e-05
3.62992e-06
4.5002e-05
3.4404e-06
4.54106e-05
2.50239e-06
4.57037e-05
1.57493e-06
4.58528e-05
2.81625e-07
4.58294e-05
-1.3981e-06
4.56405e-05
-2.82897e-06
4.53283e-05
-4.12942e-06
4.49215e-05
-4.95401e-06
4.44435e-05
-5.41396e-06
4.39243e-05
-5.87229e-06
4.33664e-05
-6.02237e-06
4.28099e-05
-5.75532e-06
4.22425e-05
-5.90741e-06
4.16852e-05
-5.45498e-06
-5.07782e-06
4.11427e-05
3.85512e-05
2.89921e-06
3.92295e-05
3.04702e-06
3.99063e-05
3.08613e-06
4.05799e-05
3.34559e-06
4.124e-05
3.44796e-06
4.18725e-05
3.34043e-06
4.24741e-05
3.4341e-06
4.30315e-05
3.07254e-06
4.35315e-05
2.94042e-06
4.39302e-05
2.10374e-06
4.42144e-05
1.29069e-06
4.43542e-05
1.41835e-07
4.43192e-05
-1.36309e-06
4.41177e-05
-2.62753e-06
4.37907e-05
-3.80241e-06
4.33692e-05
-4.53243e-06
4.28785e-05
-4.92335e-06
4.23472e-05
-5.34089e-06
4.17801e-05
-5.4553e-06
4.12187e-05
-5.19393e-06
4.06476e-05
-5.33636e-06
4.00918e-05
-4.89913e-06
-4.54058e-06
3.95545e-05
3.70526e-05
2.26611e-06
3.76967e-05
2.40287e-06
3.83401e-05
2.44273e-06
3.89832e-05
2.70252e-06
3.96155e-05
2.81568e-06
4.02224e-05
2.73345e-06
4.08029e-05
2.85364e-06
4.13407e-05
2.53477e-06
4.18258e-05
2.45529e-06
4.22112e-05
1.71835e-06
4.24848e-05
1.01711e-06
4.26154e-05
1.1224e-08
4.25713e-05
-1.319e-06
4.23624e-05
-2.41867e-06
4.20274e-05
-3.4674e-06
4.15994e-05
-4.10444e-06
4.11056e-05
-4.42955e-06
4.05719e-05
-4.80721e-06
4.00063e-05
-4.88963e-06
3.94505e-05
-4.63814e-06
3.88864e-05
-4.77228e-06
3.83425e-05
-4.35526e-06
-4.01908e-06
3.7821e-05
3.53475e-05
1.68714e-06
3.59375e-05
1.81285e-06
3.65272e-05
1.85307e-06
3.71192e-05
2.11048e-06
3.77031e-05
2.23179e-06
3.8264e-05
2.17256e-06
3.88031e-05
2.31452e-06
3.93015e-05
2.03643e-06
3.97527e-05
2.00403e-06
4.01072e-05
1.36383e-06
4.03544e-05
7.69908e-07
4.04627e-05
-9.70202e-08
4.03995e-05
-1.2558e-06
4.01764e-05
-2.19563e-06
3.98291e-05
-3.12009e-06
3.93925e-05
-3.66783e-06
3.8895e-05
-3.93204e-06
3.83595e-05
-4.27173e-06
3.77968e-05
-4.32691e-06
3.72486e-05
-4.08988e-06
3.66938e-05
-4.21755e-06
3.61647e-05
-3.82609e-06
-3.51624e-06
3.56618e-05
3.34577e-05
1.16149e-06
3.3994e-05
1.27649e-06
3.45301e-05
1.31696e-06
3.50712e-05
1.56936e-06
3.56068e-05
1.69622e-06
3.61217e-05
1.65762e-06
3.66199e-05
1.81634e-06
3.70795e-05
1.5769e-06
3.74981e-05
1.58543e-06
3.78239e-05
1.03797e-06
3.80482e-05
5.45612e-07
3.81392e-05
-1.88015e-07
3.80641e-05
-1.18066e-06
3.78361e-05
-1.96762e-06
3.74871e-05
-2.7711e-06
3.70534e-05
-3.23419e-06
3.65644e-05
-3.44301e-06
3.60394e-05
-3.74676e-06
3.54921e-05
-3.77956e-06
3.49634e-05
-3.56115e-06
3.44297e-05
-3.68387e-06
3.39265e-05
-3.32295e-06
-3.04303e-06
3.34533e-05
3.1365e-05
7.07803e-07
3.18288e-05
8.12709e-07
3.22923e-05
8.53423e-07
3.27634e-05
1.09821e-06
3.32317e-05
1.22799e-06
3.36818e-05
1.20748e-06
3.41205e-05
1.37768e-06
3.4523e-05
1.17441e-06
3.48913e-05
1.21704e-06
3.51723e-05
7.57044e-07
3.53591e-05
3.58818e-07
3.54205e-05
-2.49428e-07
3.5324e-05
-1.08414e-06
3.50844e-05
-1.72807e-06
3.47293e-05
-2.41598e-06
3.42958e-05
-2.80072e-06
3.38137e-05
-2.96089e-06
3.32983e-05
-3.2313e-06
3.27658e-05
-3.24715e-06
3.22561e-05
-3.05144e-06
3.17431e-05
-3.17085e-06
3.12655e-05
-2.84535e-06
-2.59893e-06
3.08214e-05
2.90902e-05
3.24868e-07
2.94825e-05
4.20421e-07
2.98745e-05
4.61416e-07
3.02768e-05
6.95917e-07
3.06789e-05
8.25839e-07
3.10657e-05
8.20691e-07
3.14466e-05
9.96759e-07
3.17942e-05
8.26897e-07
3.21149e-05
8.96289e-07
3.23544e-05
5.17585e-07
3.25082e-05
2.04995e-07
3.2546e-05
-2.87195e-07
3.24357e-05
-9.73905e-07
3.2194e-05
-1.48633e-06
3.18431e-05
-2.06508e-06
3.14206e-05
-2.37829e-06
3.09564e-05
-2.49668e-06
3.04612e-05
-2.73603e-06
2.9954e-05
-2.74e-06
2.94728e-05
-2.5702e-06
2.89892e-05
-2.68725e-06
2.85451e-05
-2.40133e-06
-2.19127e-06
2.81375e-05
2.66209e-05
2.47874e-08
2.69297e-05
1.11633e-07
2.72384e-05
1.52744e-07
2.75603e-05
3.74026e-07
2.7885e-05
5.01095e-07
2.81974e-05
5.08274e-07
2.85099e-05
6.8433e-07
2.8792e-05
5.44794e-07
2.90551e-05
6.33153e-07
2.92441e-05
3.28568e-07
2.93572e-05
9.19296e-08
2.93652e-05
-2.95172e-07
2.92372e-05
-8.45965e-07
2.89912e-05
-1.24035e-06
2.86439e-05
-1.7177e-06
2.82326e-05
-1.96699e-06
2.77866e-05
-2.05074e-06
2.73118e-05
-2.26116e-06
2.68298e-05
-2.258e-06
2.63759e-05
-2.11639e-06
2.59201e-05
-2.2314e-06
2.5507e-05
-1.98826e-06
-1.81666e-06
2.51324e-05
2.39697e-05
-1.92267e-07
2.41951e-05
-1.13764e-07
2.44209e-05
-7.30501e-08
2.46632e-05
1.31706e-07
2.49117e-05
2.52582e-07
2.51513e-05
2.68702e-07
2.53971e-05
4.38567e-07
2.56159e-05
3.25987e-07
2.58238e-05
4.25221e-07
2.59655e-05
1.86868e-07
2.60417e-05
1.57434e-08
2.60248e-05
-2.78271e-07
2.58854e-05
-7.06581e-07
2.56426e-05
-9.97506e-07
2.53067e-05
-1.38182e-06
2.49145e-05
-1.5748e-06
2.44944e-05
-1.63061e-06
2.40467e-05
-1.81347e-06
2.35956e-05
-1.80693e-06
2.31735e-05
-1.69426e-06
2.27484e-05
-1.80637e-06
2.23678e-05
-1.60763e-06
-1.4751e-06
2.20262e-05
2.11354e-05
-3.23872e-07
2.12755e-05
-2.53902e-07
2.14172e-05
-2.14693e-07
2.15792e-05
-3.02922e-08
2.17511e-05
8.06342e-08
2.19179e-05
1.01925e-07
2.20972e-05
2.59231e-07
2.22532e-05
1.70006e-07
2.24065e-05
2.71944e-07
2.2502e-05
9.1364e-08
2.25429e-05
-2.5224e-08
2.25037e-05
-2.38985e-07
2.23565e-05
-5.59437e-07
2.21214e-05
-7.6234e-07
2.1802e-05
-1.06248e-06
2.14338e-05
-1.20664e-06
2.10438e-05
-1.24054e-06
2.06267e-05
-1.39639e-06
2.02088e-05
-1.38903e-06
1.98188e-05
-1.30425e-06
1.94236e-05
-1.41116e-06
1.90723e-05
-1.25632e-06
-1.16143e-06
1.87586e-05
1.81257e-05
-3.72766e-07
1.81841e-05
-3.12302e-07
1.82459e-05
-2.76458e-07
1.83324e-05
-1.16805e-07
1.8433e-05
-1.99628e-08
1.85325e-05
2.42877e-09
1.86509e-05
1.40832e-07
1.87496e-05
7.12739e-08
1.88536e-05
1.67988e-07
1.89085e-05
3.64342e-08
1.892e-05
-3.67393e-08
1.88645e-05
-1.83487e-07
1.87165e-05
-4.11447e-07
1.84963e-05
-5.42118e-07
1.8201e-05
-7.67181e-07
1.7864e-05
-8.69626e-07
1.75102e-05
-8.86761e-07
1.71292e-05
-1.01537e-06
1.67485e-05
-1.00834e-06
1.63927e-05
-9.48418e-07
1.60279e-05
-1.04637e-06
1.57039e-05
-9.32323e-07
-8.70978e-07
1.54134e-05
1.49548e-05
-3.4948e-07
1.49428e-05
-3.00298e-07
1.49367e-05
-2.7035e-07
1.49601e-05
-1.40161e-07
1.50018e-05
-6.16292e-08
1.50464e-05
-4.22059e-08
1.51158e-05
7.13823e-08
1.51691e-05
1.79882e-08
1.52349e-05
1.02201e-07
1.52604e-05
1.09977e-08
1.52532e-05
-2.96304e-08
1.51924e-05
-1.22597e-07
1.50546e-05
-2.7374e-07
1.48604e-05
-3.47901e-07
1.46003e-05
-5.07099e-07
1.43052e-05
-5.74524e-07
1.39977e-05
-5.79206e-07
1.36621e-05
-6.79807e-07
1.33269e-05
-6.73129e-07
1.30119e-05
-6.33433e-07
1.26831e-05
-7.17516e-07
1.23895e-05
-6.38693e-07
-6.04129e-07
1.21226e-05
1.16421e-05
-2.68793e-07
1.1575e-05
-2.3323e-07
1.15167e-05
-2.11997e-07
1.14922e-05
-1.15665e-07
1.14896e-05
-5.90783e-08
1.14934e-05
-4.60416e-08
1.15268e-05
3.80731e-08
1.15467e-05
-1.98782e-09
1.15851e-05
6.38149e-08
1.15913e-05
4.7966e-09
1.15751e-05
-1.34399e-08
1.1518e-05
-6.551e-08
1.13999e-05
-1.55605e-07
1.12407e-05
-1.88733e-07
1.10253e-05
-2.91642e-07
1.07814e-05
-3.30671e-07
1.0529e-05
-3.2681e-07
1.02482e-05
-3.98952e-07
9.96723e-06
-3.92188e-07
9.70113e-06
-3.67331e-07
9.41624e-06
-4.32626e-07
9.15935e-06
-3.81796e-07
-3.65372e-07
8.92059e-06
8.23123e-06
-1.57505e-07
8.1352e-06
-1.37197e-07
8.04962e-06
-1.26418e-07
8.00045e-06
-6.64908e-08
7.97488e-06
-3.35172e-08
7.95729e-06
-2.84525e-08
7.97137e-06
2.39964e-08
7.97356e-06
-4.18106e-09
7.99791e-06
3.94717e-08
7.9972e-06
5.50882e-09
7.98307e-06
6.82293e-10
7.94024e-06
-2.26792e-08
7.85195e-06
-6.73092e-08
7.7377e-06
-7.44846e-08
7.57734e-06
-1.31286e-07
7.39559e-06
-1.4892e-07
7.20947e-06
-1.40685e-07
6.99565e-06
-1.85139e-07
6.78191e-06
-1.78445e-07
6.57828e-06
-1.63704e-07
6.35246e-06
-2.06799e-07
6.1476e-06
-1.7694e-07
-1.70225e-07
5.95245e-06
4.80263e-06
-5.30155e-08
4.71207e-06
-4.66399e-08
4.63047e-06
-4.48154e-08
4.5838e-06
-1.98288e-08
4.55848e-06
-8.19381e-09
4.53925e-06
-9.22369e-09
4.54998e-06
1.3264e-08
4.5481e-06
-2.29391e-09
4.56928e-06
1.82874e-08
4.57111e-06
3.68462e-09
4.56711e-06
4.68075e-09
4.5458e-06
-1.37429e-09
4.49437e-06
-1.58784e-08
4.43186e-06
-1.1972e-08
4.33427e-06
-3.37009e-08
4.22323e-06
-3.78746e-08
4.11306e-06
-3.05192e-08
3.97787e-06
-4.99491e-08
3.84452e-06
-4.50952e-08
3.71865e-06
-3.78328e-08
3.56985e-06
-5.79923e-08
3.43735e-06
-4.44441e-08
-4.19187e-08
3.30904e-06
1.49907e-06
1.45243e-06
1.40762e-06
1.38779e-06
1.37959e-06
1.37037e-06
1.38363e-06
1.38134e-06
1.39963e-06
1.40331e-06
1.40799e-06
1.40662e-06
1.39074e-06
1.37877e-06
1.34507e-06
1.30719e-06
1.27667e-06
1.22672e-06
1.18163e-06
1.1438e-06
1.0858e-06
1.04136e-06
9.99441e-07
6.78067e-07
-9.17245e-08
7.64449e-07
-8.63823e-08
8.28346e-07
-6.38967e-08
8.90034e-07
-6.16877e-08
9.42709e-07
-5.26758e-08
9.75915e-07
-3.32058e-08
9.93598e-07
-1.76829e-08
1.00212e-06
-8.52035e-09
1.00357e-06
-1.44895e-09
1.00293e-06
6.41708e-10
9.93513e-07
9.41291e-09
1.00164e-06
-8.12257e-09
9.89464e-07
1.21716e-08
1.02505e-06
-3.55906e-08
1.01304e-06
1.20165e-08
1.06522e-06
-5.21795e-08
1.14692e-06
-8.16983e-08
1.28174e-06
-1.34828e-07
1.71671e-06
-4.3497e-07
2.61623e-06
-8.99513e-07
-2.44906e-06
2.1416e-06
-3.20564e-07
2.35366e-06
-2.9844e-07
2.52861e-06
-2.38852e-07
2.6881e-06
-2.21173e-07
2.82198e-06
-1.86556e-07
2.9177e-06
-1.28924e-07
2.98154e-06
-8.15205e-08
3.02205e-06
-4.90347e-08
3.04673e-06
-2.61305e-08
3.06505e-06
-1.76822e-08
3.07792e-06
-3.45508e-09
3.12095e-06
-5.11462e-08
3.16503e-06
-3.19137e-08
3.28821e-06
-1.58774e-07
3.40352e-06
-1.03289e-07
3.66911e-06
-3.17773e-07
4.08527e-06
-4.97856e-07
4.75451e-06
-8.04062e-07
5.98482e-06
-1.66528e-06
7.89095e-06
-2.80564e-06
-4.94165e-06
3.70534e-06
-6.57844e-07
4.01653e-06
-6.0963e-07
4.28154e-06
-5.03857e-07
4.52066e-06
-4.60297e-07
4.72221e-06
-3.88105e-07
4.87497e-06
-2.81682e-07
4.98703e-06
-1.93585e-07
5.06711e-06
-1.29117e-07
5.12754e-06
-8.65559e-08
5.18289e-06
-7.30313e-08
5.2425e-06
-6.30662e-08
5.35163e-06
-1.60272e-07
5.49494e-06
-1.75228e-07
5.75719e-06
-4.21024e-07
6.07322e-06
-4.19322e-07
6.61789e-06
-8.62443e-07
7.40688e-06
-1.28685e-06
8.53234e-06
-1.92952e-06
1.01814e-05
-3.31432e-06
1.22267e-05
-4.85091e-06
-7.02144e-06
5.36069e-06
-1.08296e-06
5.75199e-06
-1.00093e-06
6.09011e-06
-8.41975e-07
6.39536e-06
-7.65544e-07
6.65527e-06
-6.48011e-07
6.86021e-06
-4.86624e-07
7.02025e-06
-3.53633e-07
7.14408e-06
-2.52941e-07
7.24871e-06
-1.91187e-07
7.35391e-06
-1.78232e-07
7.4773e-06
-1.86457e-07
7.67447e-06
-3.57444e-07
7.94216e-06
-4.4291e-07
8.36914e-06
-8.48011e-07
8.90154e-06
-9.51717e-07
9.70679e-06
-1.6677e-06
1.07809e-05
-2.36099e-06
1.216e-05
-3.30857e-06
1.39078e-05
-5.06211e-06
1.58093e-05
-6.75244e-06
-8.81519e-06
7.10007e-06
-1.5794e-06
7.55622e-06
-1.45707e-06
7.95392e-06
-1.23968e-06
8.31426e-06
-1.12588e-06
8.62439e-06
-9.58149e-07
8.87633e-06
-7.38564e-07
9.08221e-06
-5.59511e-07
9.25057e-06
-4.213e-07
9.40303e-06
-3.4365e-07
9.56411e-06
-3.39313e-07
9.75912e-06
-3.81461e-07
1.00522e-05
-6.50499e-07
1.04491e-05
-8.39787e-07
1.10341e-05
-1.43306e-06
1.17548e-05
-1.67239e-06
1.27512e-05
-2.6641e-06
1.39872e-05
-3.59698e-06
1.54483e-05
-4.76968e-06
1.71304e-05
-6.74423e-06
1.88319e-05
-8.45398e-06
-1.03656e-05
8.91817e-06
-2.13283e-06
9.42585e-06
-1.96475e-06
9.8712e-06
-1.68503e-06
1.02764e-05
-1.53109e-06
1.06284e-05
-1.31017e-06
1.09209e-05
-1.03103e-06
1.1168e-05
-8.06609e-07
1.13779e-05
-6.3122e-07
1.15765e-05
-5.4228e-07
1.17924e-05
-5.5514e-07
1.20571e-05
-6.46222e-07
1.24407e-05
-1.03403e-06
1.29538e-05
-1.35291e-06
1.36686e-05
-2.14784e-06
1.45276e-05
-2.53144e-06
1.56359e-05
-3.77238e-06
1.6931e-05
-4.89208e-06
1.83705e-05
-6.20924e-06
1.99255e-05
-8.29916e-06
2.14326e-05
-9.96107e-06
-1.17068e-05
1.08097e-05
-2.72995e-06
1.13564e-05
-2.51149e-06
1.1838e-05
-2.16659e-06
1.22778e-05
-1.97085e-06
1.26625e-05
-1.69488e-06
1.29873e-05
-1.35588e-06
1.32684e-05
-1.08772e-06
1.35133e-05
-8.76067e-07
1.37515e-05
-7.80517e-07
1.40146e-05
-8.18261e-07
1.43393e-05
-9.70888e-07
1.47982e-05
-1.49288e-06
1.54036e-05
-1.9583e-06
1.62104e-05
-2.95471e-06
1.7155e-05
-3.47598e-06
1.83085e-05
-4.92593e-06
1.95944e-05
-6.17795e-06
2.09613e-05
-7.57611e-06
2.23754e-05
-9.71333e-06
2.37082e-05
-1.12938e-05
-1.28681e-05
1.27663e-05
-3.35834e-06
1.33405e-05
-3.08567e-06
1.38475e-05
-2.67359e-06
1.43119e-05
-2.43521e-06
1.472e-05
-2.10303e-06
1.50686e-05
-1.70447e-06
1.53754e-05
-1.39455e-06
1.56469e-05
-1.14752e-06
1.59158e-05
-1.04943e-06
1.62157e-05
-1.11817e-06
1.65867e-05
-1.34192e-06
1.7102e-05
-2.00815e-06
1.77729e-05
-2.62924e-06
1.86357e-05
-3.81749e-06
1.96212e-05
-4.46143e-06
2.0773e-05
-6.07777e-06
2.20106e-05
-7.41553e-06
2.32841e-05
-8.84963e-06
2.45621e-05
-1.09913e-05
2.57407e-05
-1.24724e-05
-1.38741e-05
1.4782e-05
-4.00488e-06
1.5371e-05
-3.67466e-06
1.58913e-05
-3.1939e-06
1.63684e-05
-2.91234e-06
1.67883e-05
-2.52298e-06
1.71491e-05
-2.06518e-06
1.74698e-05
-1.71525e-06
1.77553e-05
-1.4331e-06
1.80413e-05
-1.33536e-06
1.83624e-05
-1.43925e-06
1.87611e-05
-1.74068e-06
1.93095e-05
-2.55658e-06
2.00171e-05
-3.33679e-06
2.09018e-05
-4.7022e-06
2.1892e-05
-5.45159e-06
2.301e-05
-7.19585e-06
2.41783e-05
-8.58383e-06
2.53527e-05
-1.0024e-05
2.65042e-05
-1.21427e-05
2.75456e-05
-1.35139e-05
-1.47415e-05
1.68495e-05
-4.65652e-06
1.74406e-05
-4.2658e-06
1.7962e-05
-3.71523e-06
1.84397e-05
-3.3901e-06
1.88593e-05
-2.94259e-06
1.92199e-05
-2.42573e-06
1.95417e-05
-2.03713e-06
1.98281e-05
-1.71943e-06
2.01165e-05
-1.62383e-06
2.04426e-05
-1.76536e-06
2.08506e-05
-2.14862e-06
2.14105e-05
-3.11647e-06
2.21296e-05
-4.05592e-06
2.30098e-05
-5.58237e-06
2.39793e-05
-6.42111e-06
2.50448e-05
-8.26132e-06
2.61346e-05
-9.67365e-06
2.72109e-05
-1.11004e-05
2.82455e-05
-1.31773e-05
2.91626e-05
-1.4431e-05
-1.54811e-05
1.89578e-05
-5.30048e-06
1.95388e-05
-4.84678e-06
2.00492e-05
-4.22565e-06
2.05158e-05
-3.85663e-06
2.09232e-05
-3.35003e-06
2.12716e-05
-2.77417e-06
2.15824e-05
-2.34785e-06
2.18566e-05
-1.99364e-06
2.21339e-05
-1.90111e-06
2.24501e-05
-2.0816e-06
2.28507e-05
-2.54928e-06
2.34038e-05
-3.66947e-06
2.41146e-05
-4.76672e-06
2.49709e-05
-6.4387e-06
2.5903e-05
-7.35321e-06
2.69053e-05
-9.26364e-06
2.79133e-05
-1.06817e-05
2.88944e-05
-1.20815e-05
2.98196e-05
-1.41024e-05
3.06207e-05
-1.5232e-05
-1.61009e-05
2.10821e-05
-5.92517e-06
2.1642e-05
-5.40668e-06
2.21312e-05
-4.71484e-06
2.25765e-05
-4.30197e-06
2.29621e-05
-3.73556e-06
2.32888e-05
-3.10088e-06
2.35786e-05
-2.6377e-06
2.38308e-05
-2.24583e-06
2.40865e-05
-2.15679e-06
2.43817e-05
-2.37684e-06
2.4763e-05
-2.9305e-06
2.52959e-05
-4.20244e-06
2.59845e-05
-5.4553e-06
2.68045e-05
-7.2587e-06
2.76889e-05
-8.23758e-06
2.86228e-05
-1.01975e-05
2.95482e-05
-1.16071e-05
3.04367e-05
-1.297e-05
3.12576e-05
-1.49234e-05
3.19487e-05
-1.59231e-05
-1.661e-05
2.32289e-05
-6.51791e-06
2.37553e-05
-5.93309e-06
2.42111e-05
-5.17061e-06
2.46229e-05
-4.71382e-06
2.49742e-05
-4.08681e-06
2.52666e-05
-3.39333e-06
2.55227e-05
-2.89382e-06
2.57398e-05
-2.46284e-06
2.59603e-05
-2.37733e-06
2.62205e-05
-2.63708e-06
2.65679e-05
-3.27783e-06
2.70661e-05
-4.70063e-06
2.77181e-05
-6.10734e-06
2.84896e-05
-8.03022e-06
2.93173e-05
-9.06523e-06
3.01782e-05
-1.10585e-05
3.10205e-05
-1.24494e-05
3.18187e-05
-1.37682e-05
3.254e-05
-1.56447e-05
3.31271e-05
-1.65101e-05
-1.70138e-05
2.5364e-05
-7.06807e-06
2.58469e-05
-6.41606e-06
2.62599e-05
-5.5836e-06
2.66293e-05
-5.08315e-06
2.69375e-05
-4.39508e-06
2.71873e-05
-3.64307e-06
2.74013e-05
-3.10785e-06
2.75749e-05
-2.63647e-06
2.77521e-05
-2.55448e-06
2.7969e-05
-2.85397e-06
2.82739e-05
-3.58271e-06
2.87287e-05
-5.15547e-06
2.93359e-05
-6.71454e-06
3.00524e-05
-8.74675e-06
3.08186e-05
-9.8314e-06
3.16049e-05
-1.18448e-05
3.23644e-05
-1.32089e-05
3.3074e-05
-1.44778e-05
3.36988e-05
-1.62694e-05
3.41856e-05
-1.6997e-05
-1.73174e-05
2.74853e-05
-7.5654e-06
2.79151e-05
-6.84582e-06
2.8276e-05
-5.94448e-06
2.85936e-05
-5.40077e-06
2.88499e-05
-4.65142e-06
2.90482e-05
-3.84134e-06
2.92114e-05
-3.27109e-06
2.93332e-05
-2.75822e-06
2.94585e-05
-2.67975e-06
2.96235e-05
-3.01904e-06
2.98775e-05
-3.83665e-06
3.02806e-05
-5.5586e-06
3.08352e-05
-7.2691e-06
3.14906e-05
-9.40219e-06
3.2191e-05
-1.05318e-05
3.29007e-05
-1.25545e-05
3.35775e-05
-1.38857e-05
3.41998e-05
-1.51001e-05
3.47305e-05
-1.68001e-05
3.51207e-05
-1.73872e-05
-1.75249e-05
2.95592e-05
-8.00147e-06
2.99281e-05
-7.21468e-06
3.02298e-05
-6.24622e-06
3.04891e-05
-5.66004e-06
3.06873e-05
-4.84966e-06
3.08284e-05
-3.9824e-06
3.09353e-05
-3.37806e-06
3.10001e-05
-2.82297e-06
3.10686e-05
-2.7482e-06
3.1177e-05
-3.12745e-06
3.13751e-05
-4.03476e-06
3.17216e-05
-5.90515e-06
3.22188e-05
-7.76631e-06
3.28096e-05
-9.99298e-06
3.34416e-05
-1.11638e-05
3.40739e-05
-1.31867e-05
3.4668e-05
-1.44798e-05
3.52037e-05
-1.56358e-05
3.56421e-05
-1.72385e-05
3.59382e-05
-1.76833e-05
-1.76401e-05
3.16016e-05
-8.36867e-06
3.19023e-05
-7.51541e-06
3.21381e-05
-6.48197e-06
3.23323e-05
-5.85422e-06
3.24659e-05
-4.98333e-06
3.25436e-05
-4.06003e-06
3.25881e-05
-3.42264e-06
3.25901e-05
-2.82492e-06
3.2596e-05
-2.75412e-06
3.26421e-05
-3.17353e-06
3.27787e-05
-4.17137e-06
3.3063e-05
-6.18945e-06
3.34975e-05
-8.20084e-06
3.40195e-05
-1.05149e-05
3.45801e-05
-1.17245e-05
3.51333e-05
-1.37399e-05
3.56444e-05
-1.49909e-05
3.60943e-05
-1.60857e-05
3.64422e-05
-1.75864e-05
3.66469e-05
-1.78881e-05
-1.76657e-05
3.35213e-05
-8.66214e-06
3.37501e-05
-7.74424e-06
3.39171e-05
-6.64891e-06
3.4044e-05
-5.98121e-06
3.41119e-05
-5.05114e-06
3.41255e-05
-4.07367e-06
3.41077e-05
-3.4048e-06
3.40473e-05
-2.7646e-06
3.39915e-05
-2.69828e-06
3.3976e-05
-3.15807e-06
3.40516e-05
-4.24692e-06
3.42736e-05
-6.41148e-06
3.46449e-05
-8.57212e-06
3.50976e-05
-1.09676e-05
3.55864e-05
-1.22134e-05
3.60607e-05
-1.42142e-05
3.64891e-05
-1.54192e-05
3.68534e-05
-1.645e-05
3.71116e-05
-1.78446e-05
3.72262e-05
-1.80028e-05
-1.76052e-05
3.53886e-05
-8.87744e-06
3.55413e-05
-7.89702e-06
3.56356e-05
-6.7432e-06
3.56916e-05
-6.03718e-06
3.569e-05
-5.04952e-06
3.56363e-05
-4.01995e-06
3.55527e-05
-3.32122e-06
3.54271e-05
-2.63901e-06
3.53065e-05
-2.57767e-06
3.52264e-05
-3.07794e-06
3.52375e-05
-4.25807e-06
3.53936e-05
-6.56758e-06
3.56979e-05
-8.87641e-06
3.60782e-05
-1.13479e-05
3.64929e-05
-1.2628e-05
3.68869e-05
-1.46082e-05
3.72321e-05
-1.57645e-05
3.75115e-05
-1.67294e-05
3.76817e-05
-1.80148e-05
3.77094e-05
-1.80305e-05
-1.74623e-05
3.71197e-05
-9.01256e-06
3.71952e-05
-7.97256e-06
3.72163e-05
-6.76435e-06
3.72013e-05
-6.02215e-06
3.71309e-05
-4.97913e-06
3.70111e-05
-3.90011e-06
3.68633e-05
-3.17348e-06
3.66745e-05
-2.45013e-06
3.64911e-05
-2.39432e-06
3.63482e-05
-2.935e-06
3.62962e-05
-4.20611e-06
3.63869e-05
-6.65826e-06
3.66239e-05
-9.11347e-06
3.69316e-05
-1.16555e-05
3.72717e-05
-1.29681e-05
3.75855e-05
-1.4922e-05
3.78479e-05
-1.6027e-05
3.8043e-05
-1.69245e-05
3.81265e-05
-1.80983e-05
3.80693e-05
-1.79733e-05
-1.724e-05
3.86983e-05
-9.06685e-06
3.86967e-05
-7.97091e-06
3.86454e-05
-6.71305e-06
3.85604e-05
-5.93721e-06
3.84229e-05
-4.84163e-06
3.82391e-05
-3.71629e-06
3.80297e-05
-2.96401e-06
3.77803e-05
-2.20082e-06
3.75371e-05
-2.15108e-06
3.73339e-05
-2.7318e-06
3.72208e-05
-4.09299e-06
3.72471e-05
-6.68455e-06
3.74171e-05
-9.28347e-06
3.7652e-05
-1.18904e-05
3.79174e-05
-1.32335e-05
3.81511e-05
-1.51557e-05
3.83313e-05
-1.62072e-05
3.8443e-05
-1.70362e-05
3.84414e-05
-1.80967e-05
3.83017e-05
-1.78337e-05
-1.69421e-05
4.01814e-05
-9.04127e-06
4.01039e-05
-7.89336e-06
3.99817e-05
-6.59084e-06
3.98284e-05
-5.78393e-06
3.96256e-05
-4.63888e-06
3.93799e-05
-3.47055e-06
3.91107e-05
-2.69483e-06
3.88032e-05
-1.89328e-06
3.8502e-05
-1.8499e-06
3.82401e-05
-2.46988e-06
3.80666e-05
-3.91949e-06
3.80283e-05
-6.64631e-06
3.81303e-05
-9.38545e-06
3.82915e-05
-1.20516e-05
3.84813e-05
-1.34234e-05
3.86347e-05
-1.53091e-05
3.87331e-05
-1.63056e-05
3.87624e-05
-1.70655e-05
3.86778e-05
-1.8012e-05
3.84591e-05
-1.7615e-05
-1.65731e-05
4.13834e-05
-8.93782e-06
4.12331e-05
-7.74301e-06
4.1044e-05
-6.40174e-06
4.08271e-05
-5.56709e-06
4.05648e-05
-4.37653e-06
4.02635e-05
-3.16926e-06
3.99414e-05
-2.37278e-06
3.9583e-05
-1.53485e-06
3.92312e-05
-1.49814e-06
3.89176e-05
-2.1562e-06
3.86898e-05
-3.69169e-06
3.85918e-05
-6.54832e-06
3.86291e-05
-9.4228e-06
3.87192e-05
-1.21417e-05
3.88355e-05
-1.35397e-05
3.89105e-05
-1.5384e-05
3.89288e-05
-1.63239e-05
3.88777e-05
-1.70144e-05
3.87121e-05
-1.78465e-05
3.84169e-05
-1.73197e-05
-1.61358e-05
4.25091e-05
-8.7606e-06
4.22901e-05
-7.52401e-06
4.20382e-05
-6.14989e-06
4.17618e-05
-5.29065e-06
4.14438e-05
-4.05859e-06
4.1091e-05
-2.81642e-06
4.07198e-05
-2.00162e-06
4.03143e-05
-1.12935e-06
3.99154e-05
-1.0992e-06
3.95527e-05
-1.79356e-06
3.92725e-05
-3.41149e-06
3.91155e-05
-6.39132e-06
3.9088e-05
-9.39524e-06
3.91065e-05
-1.21603e-05
3.91489e-05
-1.3582e-05
3.91457e-05
-1.53808e-05
3.90848e-05
-1.62631e-05
3.89549e-05
-1.68844e-05
3.87113e-05
-1.7603e-05
3.83439e-05
-1.69522e-05
-1.56368e-05
4.337e-05
-8.51406e-06
4.30876e-05
-7.24159e-06
4.27789e-05
-5.84114e-06
4.24491e-05
-4.9609e-06
4.20825e-05
-3.69197e-06
4.16855e-05
-2.41938e-06
4.12728e-05
-1.58892e-06
4.0828e-05
-6.84613e-07
4.03896e-05
-6.60722e-07
3.99851e-05
-1.38906e-06
3.96585e-05
-3.08493e-06
3.94471e-05
-6.17995e-06
3.93579e-05
-9.30599e-06
3.93075e-05
-1.21099e-05
3.9278e-05
-1.35525e-05
3.91986e-05
-1.53014e-05
3.90609e-05
-1.61253e-05
3.88545e-05
-1.6678e-05
3.85359e-05
-1.72844e-05
3.80999e-05
-1.65162e-05
-1.50797e-05
4.40129e-05
-8.20386e-06
4.36732e-05
-6.90191e-06
4.3314e-05
-5.48194e-06
4.29376e-05
-4.58453e-06
4.25293e-05
-3.2837e-06
4.20954e-05
-1.98541e-06
4.16484e-05
-1.14196e-06
4.11719e-05
-2.0812e-07
4.07011e-05
-1.89896e-07
4.02613e-05
-9.49293e-07
3.9894e-05
-2.71763e-06
3.96326e-05
-5.91848e-06
3.94845e-05
-9.15795e-06
3.93675e-05
-1.19928e-05
3.9268e-05
-1.3453e-05
3.91146e-05
-1.51481e-05
3.89022e-05
-1.5913e-05
3.86222e-05
-1.6398e-05
3.8232e-05
-1.68941e-05
3.77317e-05
-1.60159e-05
-1.44697e-05
4.45159e-05
-7.83771e-06
4.41269e-05
-6.5129e-06
4.37253e-05
-5.08027e-06
4.33102e-05
-4.16943e-06
4.28683e-05
-2.8418e-06
4.24053e-05
-1.52251e-06
4.19319e-05
-6.68505e-07
4.14314e-05
2.924e-07
4.09354e-05
3.06047e-07
4.04668e-05
-4.80708e-07
4.0064e-05
-2.31479e-06
3.97561e-05
-5.61059e-06
3.95515e-05
-8.95332e-06
3.93694e-05
-1.18107e-05
3.92012e-05
-1.32848e-05
3.89754e-05
-1.49223e-05
3.86905e-05
-1.56281e-05
3.83393e-05
-1.60468e-05
3.7881e-05
-1.64358e-05
3.7321e-05
-1.5456e-05
-1.38137e-05
4.46533e-05
-7.42164e-06
4.42218e-05
-6.08135e-06
4.3785e-05
-4.64349e-06
4.3339e-05
-3.72344e-06
4.28719e-05
-2.37469e-06
4.23889e-05
-1.0395e-06
4.18979e-05
-1.77564e-07
4.13827e-05
8.07639e-07
4.08708e-05
8.17969e-07
4.03821e-05
8.01688e-09
3.99515e-05
-1.8842e-06
3.96037e-05
-5.26278e-06
3.93475e-05
-8.6972e-06
3.91048e-05
-1.1568e-05
3.88719e-05
-1.30518e-05
3.85776e-05
-1.4628e-05
3.82242e-05
-1.52747e-05
3.78061e-05
-1.56287e-05
3.72842e-05
-1.59139e-05
3.66701e-05
-1.48418e-05
-1.31163e-05
4.46064e-05
-6.96439e-06
4.41413e-05
-5.61626e-06
4.36784e-05
-4.18061e-06
4.32105e-05
-3.25551e-06
4.27272e-05
-1.89142e-06
4.22331e-05
-5.45366e-07
4.17334e-05
3.2212e-07
4.12121e-05
1.32888e-06
4.06925e-05
1.3376e-06
4.01912e-05
5.09327e-07
3.97393e-05
-1.43226e-06
3.93565e-05
-4.88003e-06
3.90524e-05
-8.3931e-06
3.87521e-05
-1.12677e-05
3.84568e-05
-1.27566e-05
3.80968e-05
-1.4268e-05
3.76779e-05
-1.48558e-05
3.71965e-05
-1.51473e-05
3.66156e-05
-1.53331e-05
3.59525e-05
-1.41787e-05
-1.23837e-05
4.43171e-05
-6.47486e-06
4.38277e-05
-5.12683e-06
4.3348e-05
-3.70092e-06
4.28675e-05
-2.775e-06
4.23775e-05
-1.40145e-06
4.18817e-05
-4.95829e-08
4.13826e-05
8.21254e-07
4.08646e-05
1.84685e-06
4.03461e-05
1.85608e-06
3.98404e-05
1.01504e-06
3.93743e-05
-9.66102e-07
3.89623e-05
-4.46805e-06
3.86145e-05
-8.04529e-06
3.82601e-05
-1.09133e-05
3.79057e-05
-1.24023e-05
3.74833e-05
-1.38456e-05
3.70026e-05
-1.43751e-05
3.64617e-05
-1.46063e-05
3.58264e-05
-1.46978e-05
3.51197e-05
-1.3472e-05
-1.16221e-05
4.3778e-05
-5.96231e-06
4.32738e-05
-4.62264e-06
4.2787e-05
-3.21405e-06
4.23035e-05
-2.29154e-06
4.18166e-05
-9.14561e-07
4.13289e-05
4.38153e-07
4.08398e-05
1.31036e-06
4.03345e-05
2.35211e-06
3.98262e-05
2.36438e-06
3.93245e-05
1.51676e-06
3.88514e-05
-4.9304e-07
3.84162e-05
-4.03282e-06
3.80292e-05
-7.65832e-06
3.76248e-05
-1.05089e-05
3.72148e-05
-1.19922e-05
3.67336e-05
-1.33644e-05
3.61949e-05
-1.38364e-05
3.55986e-05
-1.40101e-05
3.49137e-05
-1.40128e-05
3.4169e-05
-1.27273e-05
-1.08377e-05
4.29876e-05
-5.43634e-06
4.24786e-05
-4.11358e-06
4.19944e-05
-2.72992e-06
4.15179e-05
-1.81506e-06
4.10441e-05
-4.40704e-07
4.05743e-05
9.07987e-07
4.01048e-05
1.77983e-06
3.96218e-05
2.83513e-06
3.91327e-05
2.8534e-06
3.86435e-05
2.00604e-06
3.81709e-05
-2.05137e-08
3.77186e-05
-3.58048e-06
3.72972e-05
-7.23689e-06
3.68467e-05
-1.00585e-05
3.63847e-05
-1.15301e-05
3.58485e-05
-1.28283e-05
3.52558e-05
-1.32437e-05
3.46087e-05
-1.33629e-05
3.38792e-05
-1.32833e-05
3.31024e-05
-1.19505e-05
-1.00372e-05
4.1938e-05
-4.90668e-06
4.1434e-05
-3.60966e-06
4.09626e-05
-2.25853e-06
4.05031e-05
-1.35554e-06
4.00523e-05
1.00996e-08
3.96103e-05
1.35006e-06
3.917e-05
2.22011e-06
3.87186e-05
3.28645e-06
3.82579e-05
3.31412e-06
3.77895e-05
2.47447e-06
3.7325e-05
4.4403e-07
3.68617e-05
-3.11722e-06
3.64107e-05
-6.78588e-06
3.59186e-05
-9.56639e-06
3.54083e-05
-1.10198e-05
3.48213e-05
-1.22412e-05
3.41789e-05
-1.26013e-05
3.34855e-05
-1.26695e-05
3.27168e-05
-1.25147e-05
3.19141e-05
-1.11478e-05
-9.22723e-06
4.06188e-05
-4.38279e-06
4.01298e-05
-3.12064e-06
3.96809e-05
-1.8097e-06
3.92482e-05
-9.2283e-07
3.88303e-05
4.27982e-07
3.84257e-05
1.75466e-06
3.8024e-05
2.6218e-06
3.76136e-05
3.69686e-06
3.71901e-05
3.7377e-06
3.67507e-05
2.91378e-06
3.63016e-05
8.93208e-07
3.58337e-05
-2.64935e-06
3.53581e-05
-6.31033e-06
3.4829e-05
-9.03723e-06
3.42745e-05
-1.04654e-05
3.36409e-05
-1.16076e-05
3.29535e-05
-1.19139e-05
3.22186e-05
-1.19347e-05
3.14165e-05
-1.17125e-05
3.05942e-05
-1.03256e-05
-8.41399e-06
3.9046e-05
-3.87426e-06
3.85818e-05
-2.65638e-06
3.81654e-05
-1.39333e-06
3.77695e-05
-5.269e-07
3.73945e-05
8.0294e-07
3.70372e-05
2.112e-06
3.66835e-05
2.97542e-06
3.63233e-05
4.05709e-06
3.59456e-05
4.11537e-06
3.55437e-05
3.31576e-06
3.51172e-05
1.31964e-06
3.46511e-05
-2.18318e-06
3.4156e-05
-5.81533e-06
3.35944e-05
-8.47554e-06
3.29999e-05
-9.87092e-06
3.23239e-05
-1.09316e-05
3.15958e-05
-1.11858e-05
3.08244e-05
-1.11632e-05
2.99939e-05
-1.0882e-05
2.91578e-05
-9.48955e-06
-7.60276e-06
3.734e-05
-3.39327e-06
3.6913e-05
-2.22935e-06
3.65416e-05
-1.02195e-06
3.6195e-05
-1.80228e-07
3.58754e-05
1.12253e-06
3.55775e-05
2.40989e-06
3.52836e-05
3.26936e-06
3.49848e-05
4.3558e-06
3.46637e-05
4.43654e-06
3.43085e-05
3.67094e-06
3.39126e-05
1.71554e-06
3.34538e-05
-1.72441e-06
3.29431e-05
-5.30455e-06
3.23515e-05
-7.884e-06
3.17189e-05
-9.2383e-06
3.10026e-05
-1.02153e-05
3.02362e-05
-1.04194e-05
2.9431e-05
-1.0358e-05
2.85762e-05
-1.00272e-05
2.7731e-05
-8.64431e-06
-6.80144e-06
3.52121e-05
-2.9436e-06
3.48268e-05
-1.844e-06
3.45055e-05
-7.00625e-07
3.42139e-05
1.11306e-07
3.39562e-05
1.38027e-06
3.37244e-05
2.64167e-06
3.34968e-05
3.49695e-06
3.3266e-05
4.58662e-06
3.30075e-05
4.69502e-06
3.27054e-05
3.97309e-06
3.23465e-05
2.07444e-06
3.19019e-05
-1.27985e-06
3.1382e-05
-4.78466e-06
3.07674e-05
-7.26939e-06
3.01034e-05
-8.57429e-06
2.93539e-05
-9.46585e-06
2.85565e-05
-9.62194e-06
2.77247e-05
-9.52628e-06
2.6853e-05
-9.1555e-06
2.60073e-05
-7.79856e-06
-6.01577e-06
3.30476e-05
-2.53783e-06
3.2717e-05
-1.51344e-06
3.24594e-05
-4.42978e-07
3.2237e-05
3.33664e-07
3.20557e-05
1.56161e-06
3.19046e-05
2.79268e-06
3.17576e-05
3.64402e-06
3.16086e-05
4.73558e-06
3.14257e-05
4.87797e-06
3.11877e-05
4.21106e-06
3.08743e-05
2.38781e-06
3.04493e-05
-8.54814e-07
2.99227e-05
-4.25806e-06
2.92859e-05
-6.63262e-06
2.85903e-05
-7.87869e-06
2.78075e-05
-8.68303e-06
2.69794e-05
-8.79387e-06
2.61226e-05
-8.66952e-06
2.5237e-05
-8.26988e-06
2.43939e-05
-6.95547e-06
-5.25253e-06
3.04583e-05
-2.17474e-06
3.01823e-05
-1.23739e-06
2.99894e-05
-2.50084e-07
2.98392e-05
4.8383e-07
2.9739e-05
1.66181e-06
2.96746e-05
2.85707e-06
2.96145e-05
3.70419e-06
2.95535e-05
4.79657e-06
2.94519e-05
4.97954e-06
2.92839e-05
4.37902e-06
2.90224e-05
2.64931e-06
2.86241e-05
-4.5644e-07
2.80981e-05
-3.73208e-06
2.74467e-05
-5.98128e-06
2.67272e-05
-7.15913e-06
2.5919e-05
-7.87487e-06
2.50684e-05
-7.94326e-06
2.41945e-05
-7.79559e-06
2.3303e-05
-7.37836e-06
2.24718e-05
-6.12435e-06
-4.51828e-06
2.78242e-05
-1.86145e-06
2.76105e-05
-1.02368e-06
2.74916e-05
-1.31174e-07
2.74246e-05
5.50771e-07
2.74189e-05
1.66752e-06
2.74563e-05
2.81971e-06
2.74987e-05
3.66174e-06
2.75418e-05
4.75354e-06
2.75363e-05
4.98496e-06
2.7451e-05
4.46435e-06
2.72507e-05
2.84959e-06
2.68844e-05
-9.01238e-08
2.6361e-05
-3.20865e-06
2.56952e-05
-5.31548e-06
2.49506e-05
-6.41456e-06
2.41163e-05
-7.0405e-06
2.3243e-05
-7.06998e-06
2.23531e-05
-6.90568e-06
2.14584e-05
-6.48369e-06
2.06422e-05
-5.30819e-06
-3.81877e-06
2.48614e-05
-1.59038e-06
2.47028e-05
-8.65136e-07
2.46526e-05
-8.09239e-08
2.4667e-05
5.36332e-07
2.47581e-05
1.5764e-06
2.49034e-05
2.67444e-06
2.50572e-05
3.50789e-06
2.52139e-05
4.59685e-06
2.53139e-05
4.88494e-06
2.53198e-05
4.45847e-06
2.51888e-05
2.98057e-06
2.48624e-05
2.36314e-07
2.43487e-05
-2.69491e-06
2.36753e-05
-4.64209e-06
2.29123e-05
-5.65156e-06
2.20586e-05
-6.18679e-06
2.11697e-05
-6.18113e-06
2.02709e-05
-6.00687e-06
1.93805e-05
-5.59332e-06
1.8588e-05
-4.51568e-06
-3.16151e-06
2.17917e-05
-1.35582e-06
2.16817e-05
-7.55104e-07
2.16945e-05
-9.376e-08
2.1788e-05
4.42771e-07
2.19793e-05
1.38519e-06
2.22419e-05
2.4118e-06
2.25214e-05
3.2284e-06
2.28092e-05
4.30903e-06
2.30319e-05
4.6623e-06
2.31438e-05
4.34651e-06
2.30934e-05
3.031e-06
2.2814e-05
5.15728e-07
2.23135e-05
-2.19441e-06
2.16342e-05
-3.96284e-06
2.08536e-05
-4.87091e-06
1.99817e-05
-5.31492e-06
1.90793e-05
-5.27876e-06
1.81749e-05
-5.1024e-06
1.72934e-05
-4.71183e-06
1.65294e-05
-3.75173e-06
-2.55245e-06
1.85452e-05
-1.14242e-06
1.84649e-05
-6.74768e-07
1.8521e-05
-1.49886e-07
1.86766e-05
2.87173e-07
1.89573e-05
1.1045e-06
1.93359e-05
2.03315e-06
1.97489e-05
2.81538e-06
2.01828e-05
3.87515e-06
2.05454e-05
4.29976e-06
2.07795e-05
4.11236e-06
2.08228e-05
2.98768e-06
2.06003e-05
7.38274e-07
2.01199e-05
-1.71397e-06
1.94402e-05
-3.28318e-06
1.86468e-05
-4.07748e-06
1.77622e-05
-4.43034e-06
1.68525e-05
-4.36906e-06
1.5949e-05
-4.19896e-06
1.50837e-05
-3.84647e-06
1.4356e-05
-3.02403e-06
-1.99911e-06
1.52032e-05
-9.32236e-07
1.51272e-05
-5.98708e-07
1.51956e-05
-2.18336e-07
1.53811e-05
1.01728e-07
1.57234e-05
7.62161e-07
1.62011e-05
1.55542e-06
1.67454e-05
2.27117e-06
1.73374e-05
3.28314e-06
1.78599e-05
3.77719e-06
1.82376e-05
3.73471e-06
1.83926e-05
2.83269e-06
1.824e-05
8.90816e-07
1.77885e-05
-1.26248e-06
1.71155e-05
-2.61015e-06
1.63158e-05
-3.27778e-06
1.54259e-05
-3.54043e-06
1.45171e-05
-3.46026e-06
1.36232e-05
-3.30505e-06
1.27824e-05
-3.00564e-06
1.20985e-05
-2.34017e-06
-1.50778e-06
1.19035e-05
-7.13123e-07
1.1808e-05
-5.03166e-07
1.1853e-05
-2.63399e-07
1.20234e-05
-6.86544e-08
1.23789e-05
4.06627e-07
1.29143e-05
1.02006e-06
1.35656e-05
1.61986e-06
1.43162e-05
2.53253e-06
1.50188e-05
3.07455e-06
1.55681e-05
3.18544e-06
1.58596e-05
2.54123e-06
1.5793e-05
9.57392e-07
1.53788e-05
-8.48314e-07
1.47182e-05
-1.94954e-06
1.39183e-05
-2.47785e-06
1.30314e-05
-2.65358e-06
1.2134e-05
-2.56283e-06
1.12607e-05
-2.43171e-06
1.04544e-05
-2.19936e-06
9.82146e-06
-1.70726e-06
-1.08451e-06
8.68819e-06
-4.80729e-07
8.55484e-06
-3.69813e-07
8.53992e-06
-2.48475e-07
8.63883e-06
-1.67565e-07
8.93159e-06
1.13864e-07
9.43961e-06
5.1204e-07
1.01225e-05
9.3698e-07
1.09852e-05
1.66983e-06
1.18597e-05
2.20005e-06
1.26016e-05
2.44351e-06
1.30608e-05
2.08206e-06
1.31066e-05
9.11545e-07
1.27488e-05
-4.90476e-07
1.21181e-05
-1.31886e-06
1.13376e-05
-1.69728e-06
1.04773e-05
-1.79329e-06
9.6167e-06
-1.70225e-06
8.78775e-06
-1.60276e-06
8.03469e-06
-1.44629e-06
7.46377e-06
-1.13634e-06
-7.34863e-07
5.72623e-06
-2.54502e-07
5.56472e-06
-2.08312e-07
5.48175e-06
-1.65497e-07
5.47461e-06
-1.60433e-07
5.63199e-06
-4.3515e-08
6.00121e-06
1.42825e-07
6.58159e-06
3.56599e-07
7.43112e-06
8.20302e-07
8.39909e-06
1.23208e-06
9.31622e-06
1.52638e-06
9.96784e-06
1.43043e-06
1.01594e-05
7.19992e-07
9.88447e-06
-2.1555e-07
9.311e-06
-7.4539e-07
8.58324e-06
-9.69523e-07
7.79068e-06
-1.00074e-06
7.01174e-06
-9.2331e-07
6.26881e-06
-8.59834e-07
5.59961e-06
-7.77096e-07
5.10264e-06
-6.39374e-07
-4.58421e-07
3.13165e-06
-7.71055e-08
2.98705e-06
-6.37103e-08
2.87723e-06
-5.56825e-08
2.78891e-06
-7.21127e-08
2.79631e-06
-5.09144e-08
2.94899e-06
-9.85673e-09
3.27399e-06
3.16054e-08
3.89677e-06
1.97518e-07
4.74654e-06
3.82318e-07
5.69769e-06
5.75222e-07
6.49789e-06
6.30233e-07
6.84704e-06
3.70848e-07
6.67912e-06
-4.76315e-08
6.20453e-06
-2.70804e-07
5.59022e-06
-3.55205e-07
4.9409e-06
-3.51418e-07
4.32477e-06
-3.0718e-07
3.74493e-06
-2.79994e-07
3.22004e-06
-2.52205e-07
2.8166e-06
-2.35933e-07
-2.29325e-07
9.22335e-07
8.58625e-07
8.02943e-07
7.3083e-07
6.79915e-07
6.70059e-07
7.01664e-07
8.99182e-07
1.2815e-06
1.85672e-06
2.48695e-06
2.8578e-06
2.81017e-06
2.53937e-06
2.18416e-06
1.83274e-06
1.52556e-06
1.24557e-06
9.93365e-07
7.57433e-07
)
;

boundaryField
{
    low
    {
        type            calculated;
        value           nonuniform List<scalar> 
49
(
-1.57983e-06
-4.64177e-06
-7.57343e-06
-1.03748e-05
-1.30458e-05
-1.55866e-05
-1.7997e-05
-2.02772e-05
-2.24271e-05
-2.44466e-05
-2.63359e-05
-2.80949e-05
-2.97236e-05
-3.1222e-05
-3.25901e-05
-3.38279e-05
-3.49354e-05
-3.59126e-05
-3.67596e-05
-3.74762e-05
-3.80625e-05
-3.85185e-05
-3.88443e-05
-3.90397e-05
-3.91049e-05
-3.90397e-05
-3.88443e-05
-3.85185e-05
-3.80624e-05
-3.74762e-05
-3.67595e-05
-3.59127e-05
-3.49354e-05
-3.38278e-05
-3.25902e-05
-3.1222e-05
-2.97235e-05
-2.8095e-05
-2.63359e-05
-2.44469e-05
-2.24271e-05
-2.02771e-05
-1.79973e-05
-1.55866e-05
-1.30456e-05
-1.0375e-05
-7.57336e-06
-4.64144e-06
-1.57997e-06
)
;
    }
    left
    {
        type            calculated;
        value           uniform 0;
    }
    rifht
    {
        type            calculated;
        value           uniform 0;
    }
    up
    {
        type            calculated;
        value           nonuniform List<scalar> 
49
(
5.06529e-06
1.03835e-05
1.43064e-05
1.76031e-05
2.03824e-05
2.27738e-05
2.48695e-05
2.67467e-05
2.84129e-05
2.99022e-05
3.12405e-05
3.24578e-05
3.35309e-05
3.44893e-05
3.53282e-05
3.60535e-05
3.66725e-05
3.71656e-05
3.75666e-05
3.7847e-05
3.80038e-05
3.809e-05
3.79796e-05
3.78448e-05
3.75428e-05
3.71217e-05
3.6665e-05
3.59727e-05
3.52199e-05
3.4358e-05
3.33846e-05
3.23019e-05
3.11042e-05
2.9781e-05
2.83466e-05
2.69297e-05
2.52216e-05
2.36307e-05
2.17376e-05
1.99427e-05
1.79308e-05
1.59203e-05
1.38026e-05
1.16072e-05
9.39819e-06
7.11413e-06
4.8262e-06
2.5875e-06
5.28107e-07
)
;
    }
    frontAndBackPlanes
    {
        type            empty;
        value           nonuniform 0();
    }
}


// ************************************************************************* //
